0.9156049780502127
0.9182810953769628
0.918014990093861
0.9160973325458758
0.916947498832037
0.9169156267037896
0.9179119257967736
0.9179314118136257
4.147331325408424
4.151432160082825
4.151062383154677
4.148984640768881
4.149497723580775
4.1489805366179855
4.150273745830485
4.14860298946802
4.150175187234139
4.148225511023551
4.1513417640835
4.146744981803693
4.151251372020773
4.148172177217168
4.153993645662491
0.9177873955392288
4.150618737784815
0.9180730618494307
4.149202172386162
0.9177604853756474
4.150618737784815
0.9179097160945138
0.9178006503789646
0.9178472461873476
0.9178474470415898
0.9177914121169007
0.9178783796440974
0.9177454244057077
4.149530565201476
0.9178852092009463
0.9178066754326826
0.9179685781601032
0.9178108930173526
0.9178532718528547
0.9176165227260993
0.9179936922602151
0.9175043153921084
0.9179786236352514
0.9143106272732128
0.92158422776993
0.9178960563530698
0.9178842048479768
0.9177343800085815
0.9180577896723139
0.9175490745982896
0.9179372376906513
0.917184705074546
0.917807679615993
0.918535084336389
1.1034044426041087
2.357985254946407
1.5820129788080695
1.4323590650931666
0.9178665285954661
0.9178709475947682
0.9177906087985539
0.9162410190203442
0.9159454901252553
0.917538034926483
0.9178892266348033
0.9177333759856604
0.9177536576746893
0.9177906087985539
0.9177369904784577
0.9178016545490909
0.91794728247988
0.9176685207594875
0.9177705262969024
0.918024031925835
0.9177773542488545
0.9177391993491832
0.9176508528130393
0.9177072721607836
0.9177394001561401
0.9177847847825944
0.9178588958787096
0.9179440681234088
0.9158398902993296
0.9180772818827057
0.9180342795507255
0.9177520511715808
0.91615696296539
0.9160621182259124
0.9157593068156462
0.9162922607534199
4.14722470514717
4.148828688742691
4.15129245883402
4.150392843713511
4.149345837846928
4.1502942794606
4.149411516799743
4.149255532681675
4.148619403132702
4.151666386213586
4.148951807789058
4.149563407342038
4.148964120095595
4.150836440792026
4.149050308287508
0.9178016545490909
0.9161587640048657
0.9160703213199367
0.9178464427712577
0.9160973325458758
4.149308894349672
0.9178024578867741
0.9175669393572465
0.9158832872804518
0.9178699432730086
0.9167661178708787
0.9191717797461131
0.9178295713582653
0.9177472316960005
0.9179902766618655
0.9176713316318772
4.152188353530144
4.151008976376394
4.150015039498473
4.149013370052507
4.150187506802688
4.150064314408406
4.1494607773788665
4.149895963296761
4.148598886072143
4.150807686255726
4.14860298946802
4.11855148258089
4.179504375008096
4.150737855468997
4.1491570224388425
4.152262343769335
3.615184051591505
4.504564917846515
3.441262787910015
5.724152425560023
4.149805634184638
4.15099665193041
4.147618407208461
4.1435865012250055
4.155965220837771
4.147331325408424
4.151374634900494
4.150064314408406
4.1460932279454505
4.153064073747686
4.1491734404878144
4.149518249532792
4.149444357055869
4.151140441687335
4.150963787098901
4.150655704610318
4.148533232842054
4.150417485508236
4.148820481066073
4.151892418940522
4.145023811900317
4.153277920699332
4.149949341438703
4.14932531360057
4.150581771617778
4.1491529179469016
4.146744981803693
4.1494689875891
4.152496663590966
4.149120082303712
4.150446234638574
4.149415621803332
4.149181649561024
4.150154654782424
4.151185634811216
4.149604460748813
4.150236785808287
4.149739942754756
4.148894351324751
4.14932531360057
4.149637304059108
4.1489805366179855
4.151530778390245
4.15008484596623
4.149891857342718
4.149136500060343
4.148549645954765
4.150758393691779
4.149222695414323
4.149411516799743
4.15013822896733
4.150047889308415
4.147917834852841
4.146179296900872
0.918147219511469
4.148984640768881
0.9176914097925936
4.149895963296761
4.148721991479613
4.15051605561328
4.148467581689908
4.151925298478431
4.14860298946802
4.149735837109445
4.151530778390245
4.147138592784264
4.152545997449646
4.150359988442372
4.149046204006695
4.147999877368931
4.150980219449605
4.151013084541319
4.148081923130556
4.151567761463495
4.149296579996775
4.149957553582419
4.149259637376639
4.150565342421562
4.148635816927265
4.150273745830485
4.149514144326144
4.1503558815700545
4.149427936862828
4.149670147889303
4.149961659666464
4.149723520222253
4.149875433607795
4.149120082303712
4.149276056237708
4.150253212403549
4.148619403132702
4.145077064778688
4.1560393457437375
4.14893128744055
4.150737855468997
4.149222695414323
4.147261611540299
4.1515143416803015
4.150462662891873
4.149423831834874
4.149534670440616
4.149226800044318
4.15013822896733
4.148894351324751
4.149604460748813
4.150015039498473
4.149945235379033
4.15180200289635
4.146970478953228
4.151604745195662
4.150343561001868
4.149033891212976
4.1507049947353005
4.1491529179469016
4.149099560290634
4.15132943766133
4.149686569999367
4.149707097819731
4.150166974229074
4.150068420703719
4.149546986206774
4.149637304059108
4.149308894349672
4.149411516799743
4.150290172718322
4.149497723580775
4.150027358116257
4.149551091478405
4.149702992239411
4.149136500060343
4.1489805366179855
4.150598200944059
4.149772788209721
4.151185634811216
4.1490708298133745
4.149579828607271
4.149653725909217
4.150947354878296
4.14809012788523
4.151358199426928
4.148036797560016
4.150310706510983
4.149534670440616
4.149308894349672
4.149670147889303
4.150002720953818
4.149546986206774
4.149633198616889
4.149136500060343
4.1486727484399095
4.15085697999044
4.148947703703118
4.151929408457285
4.150824117370544
4.149013370052507
4.150376416012919
4.150203933007859
4.149001057453663
4.149965765758635
4.150392843713511
4.149432041898905
4.149649620434504
4.148812273421928
4.151169200834133
4.149497723580775
4.14889845530514
4.129926702560487
4.155656395521649
4.1620357369315695
4.14531876811716
4.154462702681286
4.152097924596477
4.149982190208572
4.148430653829949
4.145556402265757
4.151033625487914
4.048669316032978
4.258725744334549
4.149255532681675
4.1098466513154674
4.183535579418576
4.158313794111961
4.146589198097492
3.642454005844525
4.403269983612288
4.521634138558529
4.113567020096565
3.7073836466201966
4.28259395701788
4.334723017426515
0.9289051495796533
1.1322235431439305
1.2545727717617752
1.7538073761614892
1.628157869402788
1.8439808106244988
2.7665434762390664
2.107441583531593
1.8926348269203954
1.6172961801184158
2.3905542902608787
0.9161101384243873
0.9160489135538767
0.9176906066492958
0.9178068762691688
0.9162366157013311
0.9159378893245502
0.9160731224100805
0.9176610921082052
0.9162300108021674
0.9161771750367896
0.9176980357784399
0.9013824924406697
0.9346938375292712
0.9177747435493471
0.9178303747448194
0.9177335767900688
0.9177821740408132
0.9178018553833799
0.9178723536489237
0.9178227426293387
0.9175113400907208
0.9161711713581177
0.9177594812956057
0.9174724045440685
0.9179121266793248
0.9168374591671855
0.9164053731459376
0.9185865829938891
0.9178108930173526
0.9175229812566748
0.915956491507598
0.9179153408121015
0.9176430229179721
0.9160707214746228
0.917846241917455
0.9175819944695299
0.9177343800085815
0.9179002747592437
0.9177233358772746
0.9178498572993536
0.9176916105786377
0.9176769534283165
0.9179440681234088
0.9174623701449547
0.9100853539170433
0.9250582861372397
0.9184455789269461
0.9176661114540016
0.9179667699979253
0.9177594812956057
0.9176964294700545
0.9177283559040074
0.906521380164139
0.9262885442489358
0.9204752942498384
0.9163921585763523
0.9033105634018183
0.9307589085301622
0.9162033920223124
0.9161031351652175
0.9160285070822173
0.9149540516503646
0.9204789303730325
0.9179273940104873
0.9132477517748687
0.9207216055132168
0.9159228881143925
0.9159648927411659
0.9178143072809523
0.9156041785547601
0.9172723600643226
0.9184896254765387
0.9162350145049107
0.918223801376798
0.9178092863138602
0.9176028717094267
0.917898667742796
0.9178414214525615
0.9171163177365618
0.9171855073325788
0.917129954280209
0.9163509155526076
0.9159386894028945
0.9163903566191186
0.9147960037173708
0.919165132461731
0.917613109933853
0.9182231983200843
0.9177357856443618
0.9159682932842814
0.9178599001762934
0.9152631212574638
0.9173754814286486
0.918980658327204
0.915857288595106
0.916247624078221
0.9161585638890187
0.9178068762691688
0.9105777190357086
0.8091466687141442
1.0562081601653548
0.9243577953041884
0.9161853801915593
0.9182839100033147
0.9180115743370233
0.9178414214525615
0.9177032563195284
0.9177966337204329
