1639113336987.261963 2
1639113337652.157959 2
1639113337822.917236 2
1639113338071.000977 2
1639113338427.958984 2
1639113338879.891846 2
1639113339280.193115 2
1639113339542.777100 2
1639113339836.594971 2
1639113340138.682129 2
1639113340535.448975 2
1639113340845.124023 2
1639113341240.100098 2
1639113341527.742920 2
1639113341946.898926 2
1639113342291.497070 2
1639113342603.973145 2
1639113342916.262939 2
1639113343495.556152 2
1639113344128.840820 2
1639113345331.628174 2
1639113346338.581055 2
1639113346659.589111 2
1639113346917.638916 2
1639113347171.657959 2
1639113347431.474854 2
1639113347718.330811 2
1639113348153.401123 2
1639113348375.343018 2
1639113348770.045898 2
1639113349010.658936 2
1639113349207.016846 2
1639113349363.151123 2
1639113349519.379883 2
1639113349696.043945 2
1639113349696.380859 3
1639113349850.661133 2
1639113350047.979004 2
1639113350205.250977 2
1639113350363.616943 2
1639113350516.877197 2
1639113350819.846924 2
1639113351174.072021 2
1639113351465.468018 2
1639113351806.949219 2
1639113351807.174072 3
1639113352181.864990 2
1639113352497.886963 2
1639113352804.602051 2
1639113353266.318115 2
1639113353500.839111 2
1639113353841.359863 2
1639113354185.157715 2
1639113354527.948242 2
1639113354872.729004 2
1639113354872.858154 3
1639113355228.895996 2
1639113355570.034912 2
1639113355918.727783 2
1639113356282.453125 2
1639113356593.040039 2
1639113356934.971924 2
1639113357274.666992 2
1639113357617.189209 2
1639113357962.501953 2
1639113357962.643799 3
1639113358308.858887 2
1639113358649.408936 2
1639113358990.799072 2
1639113359407.322998 2
1639113359750.728760 2
1639113360074.031006 2
1639113360368.131104 2
1639113360713.528076 2
1639113361104.210938 2
1639113361467.824219 2
1639113361813.011963 2
1639113362122.470947 2
1639113362431.238770 2
1639113362775.629150 2
1639113363117.924316 2
1639113363458.685791 2
1639113363806.609863 2
1639113364152.083984 2
1639113364152.207031 3
1639113364490.849854 2
1639113364837.617920 2
1639113365182.028076 2
1639113365522.102051 2
1639113365863.123779 2
1639113366209.840088 2
1639113366551.498047 2
1639113366896.281006 2
1639113367240.595947 2
1639113367584.450928 2
1639113367942.077881 2
1639113368269.632080 2
1639113368612.154053 2
1639113368957.310059 2
1639113369300.219971 2
1639113369642.383057 2
1639113369990.208984 2
1639113370333.409912 2
1639113370679.498047 2
1639113371021.357178 2
1639113371363.826904 2
1639113371704.879150 2
1639113372047.491943 2
1639113372395.184082 2
1639113372736.573975 2
1639113373082.248047 2
1639113373425.666992 2
1639113373766.645996 2
1639113374136.609131 2
1639113374459.931885 2
1639113374804.748047 2
1639113375167.677979 2
1639113375514.724121 2
1639113375879.467041 2
1639113376276.816895 2
1639113376607.951172 2
1639113376608.202881 3
1639113376883.628174 2
1639113377208.562012 2
1639113377584.195068 2
1639113377901.609863 2
1639113378237.093994 2
1639113378580.359863 2
1639113378925.839844 2
1639113379356.568115 2
1639113379612.933105 2
1639113379953.699219 2
1639113380298.661133 2
1639113380649.893066 2
1639113380983.543213 2
1639113381326.389160 2
1639113381670.517090 2
1639113382012.346924 2
1639113382458.948975 2
1639113382704.401855 2
1639113383053.758789 2
1639113383388.721924 2
1639113383730.634033 2
1639113384075.364990 2
1639113384417.681885 2
1639113384763.371094 2
1639113385119.802979 2
1639113385450.525146 2
1639113385812.667969 2
1639113385812.784180 3
1639113386236.875977 2
1639113386486.620850 2
1639113386829.240967 2
1639113387172.612305 2
1639113387511.522949 2
1639113387856.604736 2
1639113388206.834961 2
1639113388543.234131 2
1639113388891.354736 2
1639113388891.458984 3
1639113389235.201172 2
1639113389575.726074 2
1639113389922.050049 2
1639113390265.568115 2
1639113390605.800781 2
1639113390952.747070 2
1639113391301.385986 2
1639113391638.452148 2
1639113391982.087891 2
1639113392336.599121 2
1639113392686.190186 2
1639113393019.597168 2
1639113393384.310059 2
1639113393700.522949 2
1639113394056.835205 2
1639113394400.104980 2
1639113394733.362061 2
1639113395076.270020 2
1639113395076.395996 3
1639113395438.208008 2
1639113396064.625977 2
1639113396335.128906 2
1639113396568.281250 2
1639113397063.578857 2
1639113397486.792969 2
1639113397761.307861 2
1639113398022.771973 2
1639113398201.317139 2
1639113398201.524902 3
1639113398542.973145 2
1639113398864.125977 2
1639113399236.558105 2
1639113399625.302979 2
1639113399898.249023 2
1639113400270.328125 2
1639113400585.817139 2
1639113400933.477051 2
1639113401263.435059 2
1639113401263.546875 3
1639113401610.446045 2
1639113401955.157959 2
1639113402296.870850 2
1639113402685.235107 2
1639113402987.838867 2
1639113403330.713135 2
1639113403679.324951 2
1639113404048.031006 2
1639113404381.806152 2
1639113404736.811035 2
1639113405073.333984 2
1639113405424.770020 2
1639113405773.747070 2
1639113406141.718018 2
1639113406444.016113 2
1639113406909.777832 2
1639113407169.085938 2
1639113407528.080078 2
1639113407528.261230 3
1639113407814.651855 2
1639113408155.279785 2
1639113408513.977051 2
1639113408835.944824 2
1639113409184.241943 2
1639113409531.883057 2
1639113409885.888184 2
1639113410584.699951 2
1639113411203.024902 2
1639113411205.187012 3
1639113411491.588135 2
1639113411742.245850 2
1639113412349.308105 2
1639113413404.466797 2
1639113414273.386963 2
1639113414524.052979 2
1639113414699.986084 2
1639113414860.929932 2
1639113415036.035156 2
1639113415036.180908 3
1639113415205.172119 2
1639113415356.373047 2
1639113415513.229980 2
1639113415688.122070 2
1639113415848.878174 2
1639113416007.506836 2
1639113416230.993896 2
1639113416600.847900 2
1639113417033.837158 2
1639113417034.108887 3
1639113417266.061035 2
1639113417522.626221 2
1639113417867.346924 2
1639113418236.272705 2
1639113418560.538086 2
1639113418911.249023 2
1639113419450.251953 2
1639113419705.822021 2
1639113419954.731934 2
1639113419954.910889 3
1639113420291.718018 2
1639113420608.279053 2
1639113420935.220947 2
1639113421297.116943 2
1639113421663.104004 2
1639113422230.064941 2
1639113422588.437988 2
1639113422834.975098 2
1639113423116.501953 2
1639113423362.841064 2
1639113423707.888916 2
1639113424037.983887 2
1639113424374.781006 2
1639113424736.260254 2
1639113425402.906250 2
1639113425655.728760 2
1639113425916.224121 2
1639113426195.833252 2
1639113426196.395996 3
1639113426508.816895 2
1639113426802.933838 2
1639113427218.955078 2
1639113427754.915039 2
1639113428753.830811 2
1639113429136.175049 2
1639113429369.957275 2
1639113429598.000000 2
1639113429837.854980 2
1639113430091.258057 2
1639113430344.949951 2
1639113430591.748047 2
1639113431011.354248 2
1639113431254.979248 2
1639113431778.454102 2
1639113432052.687988 2
1639113432293.698975 2
1639113432499.516113 2
1639113432499.652100 3
1639113432722.832031 2
1639113433031.597168 2
1639113433374.693848 2
1639113433704.391113 2
1639113434388.666748 2
1639113434843.260986 2
1639113435261.809814 2
1639113435600.011963 2
1639113436027.196045 2
1639113436027.363037 3
1639113436461.177002 2
1639113436866.918701 2
1639113437336.864990 2
1639113437757.688965 2
1639113438565.686035 2
1639113439572.461182 2
1639113440345.644043 2
1639113441126.114014 2
1639113441390.954102 2
1639113441391.173828 3
1639113441605.472168 2
1639113441914.133057 2
1639113442297.818115 2
1639113442745.516113 2
1639113443083.230957 2
1639113443430.663818 2
1639113443728.043945 2
1639113444603.154785 2
1639113445133.050293 2
1639113445358.821045 2
1639113445556.346924 2
1639113445772.942139 2
1639113446015.302979 2
1639113446236.754883 2
1639113446431.942871 2
1639113446699.143799 2
1639113446933.175049 2
1639113447149.568115 2
1639113447433.091064 2
1639113447903.973145 2
1639113448589.683105 2
1639113448916.834961 2
1639113449162.486084 2
1639113449394.375977 2
1639113449720.890137 2
1639113449950.482910 2
1639113450167.648193 2
1639113450421.260986 2
1639113450659.072998 2
1639113450898.224121 2
1639113451138.887939 2
1639113451343.991943 2
1639113451525.671875 2
1639113451790.735107 2
1639113452005.422119 2
1639113452264.429199 2
1639113452264.613770 3
1639113452474.650879 2
1639113452740.020020 2
1639113452975.670166 2
1639113453194.727783 2
1639113453481.552002 2
1639113453684.694092 2
1639113453884.421143 2
1639113454090.461914 2
1639113454319.062988 2
1639113454519.646973 2
1639113454774.244141 2
1639113454986.567871 2
1639113455301.802002 2
1639113455645.853027 2
1639113456089.323975 2
1639113456360.291016 2
1639113456737.695068 2
1639113457156.196045 2
1639113457513.507080 2
1639113457746.680908 2
1639113458110.266113 2
1639113458408.602051 2
1639113458757.228027 2
1639113459149.853027 2
1639113459473.295898 2
1639113459836.267090 2
1639113460175.335938 2
1639113460545.166016 2
1639113460844.866943 2
1639113461346.077881 2
1639113461589.989258 2
1639113461980.461182 2
1639113462451.917236 2
1639113462737.989990 2
1639113463142.302002 2
1639113463492.146973 2
1639113463742.545898 2
1639113463991.748047 2
1639113464285.249023 2
1639113464645.452881 2
1639113465010.651855 2
1639113465368.476807 2
1639113465699.157959 2
1639113466022.629883 2
1639113466480.062988 2
1639113466858.644043 2
1639113467103.352051 2
1639113467537.330811 2
1639113468019.410889 2
1639113468255.581787 2
1639113468613.539062 2
1639113468989.557861 2
1639113469651.816895 2
1639113470188.978027 2
1639113470543.113037 2
1639113471043.105957 2
1639113471519.183105 2
1639113471876.721924 2
1639113472294.993896 2
1639113472801.754883 2
1639113473281.099121 2
1639113473508.025146 2
1639113473734.702148 2
1639113473968.527832 2
1639113474458.521973 2
1639113474860.677979 2
1639113475222.724121 2
1639113475494.850098 2
1639113475802.736084 2
1639113476203.750732 2
1639113476441.767822 2
1639113476819.669922 2
1639113476819.920898 3
1639113477057.467041 2
1639113477273.694092 2
1639113477497.706055 2
1639113477696.379883 2
1639113478060.986084 2
1639113478432.404053 2
1639113478720.347900 2
1639113479000.739990 2
1639113479445.419922 2
1639113479642.054688 2
1639113479870.780029 2
1639113480076.027832 2
1639113480265.135010 2
1639113480496.053955 2
1639113480815.506836 2
1639113481078.508057 2
1639113481458.216064 2
1639113481748.828857 2
1639113482185.755859 2
1639113482478.277832 2
1639113482789.672852 2
1639113483141.251953 2
1639113483471.031006 2
1639113483810.281982 2
1639113484172.258057 2
1639113484496.282715 2
1639113485043.842041 2
1639113485314.839111 2
1639113485574.645996 2
1639113485926.520020 2
1639113486244.871826 2
1639113486566.049072 2
1639113487019.931885 2
1639113487276.097900 2
1639113487599.796143 2
1639113487995.182129 2
1639113488293.128906 2
1639113488634.554199 2
1639113489049.743896 2
1639113489354.809082 2
1639113489651.874023 2
1639113490014.220947 2
1639113490382.875000 2
1639113490742.824951 2
1639113491038.357910 2
1639113491386.801025 2
1639113491843.665771 2
1639113492105.124023 2
1639113492410.414062 2
1639113492750.302979 2
1639113493112.714111 2
1639113493437.762939 2
1639113493836.645020 2
1639113494170.782959 2
1639113494481.176025 2
1639113494846.196777 2
1639113495209.335938 2
1639113495503.201904 2
1639113495852.113037 2
1639113496197.198242 2
1639113496525.678223 2
1639113496874.833740 2
1639113497340.800049 2
1639113497623.684082 2
1639113497948.324219 2
1639113498431.689941 2
1639113498651.666016 2
1639113498985.606934 2
1639113499325.327881 2
1639113499649.107910 2
1639113500136.863037 2
1639113500363.388916 2
1639113500935.348877 2
1639113501236.237061 2
1639113501717.411133 2
1639113501961.518066 2
1639113502302.350098 2
1639113502519.319092 2
1639113502734.723145 2
1639113503057.822998 2
1639113503405.632080 2
1639113503744.611084 2
1639113504097.664062 2
1639113504462.833984 2
1639113504844.550781 2
1639113505147.476074 2
1639113505458.708008 2
1639113505810.803955 2
1639113506167.471191 2
1639113506492.822021 2
1639113506862.340332 2
1639113507196.351074 2
1639113507566.686035 2
1639113508035.392090 2
1639113508261.255859 2
1639113508569.274170 2
1639113508928.040039 2
1639113509249.214844 2
1639113509683.669922 2
1639113509683.938965 3
1639113509946.995117 2
1639113510285.281006 2
1639113510834.055908 2
1639113511105.359863 2
1639113511426.061035 2
1639113511651.098877 2
1639113512083.770020 2
1639113512377.082031 2
1639113512689.915039 2
1639113513039.179199 2
1639113513379.581055 2
1639113513725.876953 2
1639113514066.497070 2
1639113514488.377930 2
1639113514793.777832 2
1639113515095.616943 2
1639113515458.177979 2
1639113515793.052002 2
1639113516129.247803 2
1639113516463.058838 2
1639113516810.550049 2
1639113517340.864014 2
1639113517828.614014 2
1639113518253.357178 2
1639113518473.656250 2
1639113518712.635986 2
1639113518983.396973 2
1639113519263.481201 2
1639113519614.145020 2
1639113519911.817139 2
1639113520237.993896 2
1639113520584.382080 2
1639113520934.207031 2
1639113521293.082031 2
1639113521696.791016 2
1639113522005.553955 2
1639113522298.970947 2
1639113522714.729004 2
1639113523010.289062 2
1639113523350.135986 2
1639113523735.503906 2
1639113524133.721191 2
1639113524491.508057 2
1639113524754.892090 2
1639113525059.447021 2
1639113525400.843018 2
1639113525744.019043 2
1639113526097.981934 2
1639113526431.103027 2
1639113526773.347168 2
1639113527135.131836 2
1639113527615.836914 2
1639113527884.686035 2
1639113528235.909180 2
1639113528562.490234 2
1639113528862.691162 2
1639113529207.413818 2
1639113529528.314209 2
1639113529923.534180 2
1639113530247.110840 2
1639113530567.083984 2
1639113531002.519043 2
1639113531301.355225 2
1639113531664.654053 2
1639113532016.083984 2
1639113532336.132080 2
1639113532646.318115 2
1639113533038.583008 2
1639113533370.089111 2
1639113533653.964111 2
1639113534003.519043 2
1639113534341.876953 2
1639113534693.853760 2
1639113535078.155029 2
1639113535387.420898 2
1639113535731.369141 2
1639113536066.356934 2
1639113536394.682129 2
1639113536758.226807 2
1639113537134.763916 2
1639113537577.864990 2
1639113537825.623047 2
1639113538152.781982 2
1639113538475.906982 2
1639113538818.880127 2
1639113539178.427002 2
1639113539485.640137 2
1639113539837.645996 2
1639113540194.925049 2
1639113540657.050049 2
1639113540944.464844 2
1639113541226.082031 2
1639113541553.946045 2
1639113541914.918945 2
1639113542241.129883 2
1639113542586.291992 2
1639113542947.909912 2
1639113543282.426025 2
1639113543708.499023 2
1639113543997.595703 2
1639113544319.822021 2
1639113544668.104004 2
1639113545190.446045 2
1639113545415.442871 2
1639113545700.499023 2
1639113546024.401855 2
1639113546373.922119 2
1639113546731.994873 2
1639113547086.105957 2
1639113547439.299072 2
1639113547775.105957 2
1639113548109.586914 2
1639113548415.147949 2
1639113548756.781982 2
1639113549110.091064 2
1639113549450.577881 2
1639113549793.315186 2
1639113550149.897949 2
1639113550481.564941 2
1639113550959.130859 2
1639113551216.484131 2
1639113551524.144287 2
1639113551865.077881 2
1639113552211.171143 2
1639113552544.447998 2
1639113552893.235840 2
1639113553252.062988 2
1639113553593.735840 2
1639113553986.793945 2
1639113554298.634033 2
1639113554607.514893 2
1639113554957.713867 2
1639113555295.748047 2
1639113555628.004150 2
1639113555980.514160 2
1639113556336.898193 2
1639113556662.601074 2
1639113557163.781250 2
1639113557413.652832 2
1639113557700.273926 2
1639113558055.072021 2
1639113558419.085938 2
1639113558726.377930 2
1639113559083.897949 2
1639113559444.066895 2
1639113559754.667969 2
1639113560172.491943 2
1639113560487.119873 2
1639113560788.052002 2
1639113561136.496094 2
1639113561468.532959 2
1639113561843.834229 2
1639113562186.944092 2
1639113562508.974121 2
1639113562860.769043 2
1639113563224.316895 2
1639113563546.925049 2
1639113563973.883789 2
1639113564273.354980 2
1639113564570.458252 2
1639113564954.714111 2
1639113565255.271973 2
1639113565598.932861 2
1639113565947.211914 2
1639113566437.445068 2
1639113566682.639160 2
1639113566976.504150 2
1639113567326.802002 2
1639113567678.014893 2
1639113568010.420166 2
1639113568356.381836 2
1639113568706.180176 2
1639113569040.013916 2
1639113569391.209961 2
1639113569723.130127 2
1639113570176.026855 2
1639113570441.482910 2
1639113570745.915771 2
1639113571096.975830 2
1639113571437.649902 2
1639113571776.902832 2
1639113572132.885010 2
1639113572466.575928 2
1639113572816.421143 2
1639113573188.984131 2
1639113573510.504883 2
1639113573925.698975 2
1639113574228.848877 2
1639113574539.128174 2
1639113574889.870117 2
1639113575234.313965 2
1639113575559.144043 2
1639113575906.608154 2
1639113576261.895996 2
1639113576584.781250 2
1639113577022.476074 2
1639113577342.022949 2
1639113577700.769043 2
1639113578056.510986 2
1639113578427.531006 2
1639113578739.017090 2
1639113579016.584961 2
1639113579357.610840 2
1639113579806.144043 2
1639113580154.500000 2
1639113580588.979004 2
1639113580837.593994 2
1639113580838.085205 3
1639113581191.925049 2
1639113581476.364258 2
1639113581930.838135 2
1639113582572.347900 2
1639113583108.694092 2
1639113583451.467041 2
1639113583751.849854 2
1639113584060.189941 2
1639113584550.923096 2
1639113584933.649902 2
1639113585507.418945 2
1639113585794.008057 2
1639113586102.000244 2
1639113586508.885010 2
1639113587048.922119 2
1639113587558.873291 2
1639113588021.060059 2
1639113588346.417969 2
1639113588346.653076 3
1639113588686.715820 2
1639113589062.318115 2
1639113589622.813965 2
1639113590153.946045 2
1639113590533.781982 2
1639113590784.578125 2
1639113591019.716064 2
1639113591278.834961 2
1639113591523.339111 2
1639113591523.708740 3
1639113591760.940186 2
1639113592121.851074 2
1639113592441.656006 2
1639113592690.585205 2
1639113593139.436035 2
1639113593486.249023 2
1639113593797.971924 2
1639113594151.168213 2
1639113594399.553955 2
1639113594682.054932 2
1639113594993.910156 2
1639113595282.849121 2
1639113595513.778076 2
1639113595836.408203 2
1639113596059.819092 2
1639113596404.280029 2
1639113596668.337891 2
1639113596934.961914 2
1639113597241.833984 2
1639113597480.791992 2
1639113597677.775879 2
1639113597887.424072 2
1639113598083.134033 2
1639113598276.906982 2
1639113598599.873047 2
1639113598942.992920 2
1639113599328.659180 2
1639113599664.211914 2
1639113599979.473877 2
1639113600383.335938 2
1639113600716.837158 2
1639113600994.822998 2
1639113601350.631104 2
1639113601693.195068 2
1639113602038.358887 2
1639113602386.805908 2
1639113602725.493896 2
1639113603222.461914 2
1639113603458.977051 2
1639113603756.083984 2
1639113604097.662842 2
1639113604445.091064 2
1639113604802.481934 2
1639113605126.180176 2
1639113605515.917969 2
1639113605857.310059 2
1639113606172.236084 2
1639113606509.260010 2
1639113606842.665039 2
1639113607186.874756 2
1639113607539.493164 2
1639113607877.172852 2
1639113608390.459961 2
1639113608634.487061 2
1639113608634.750977 3
1639113608961.214111 2
1639113609264.779053 2
1639113609606.289795 2
1639113609937.733154 2
1639113610293.914062 2
1639113610627.317871 2
1639113611097.406982 2
1639113611356.570068 2
1639113611724.211914 2
1639113612044.729004 2
1639113612352.154053 2
1639113612689.621094 2
1639113613054.107910 2
1639113613382.463867 2
1639113613725.611084 2
1639113614113.814209 2
1639113614475.535889 2
1639113614804.504150 2
1639113615148.891846 2
1639113615439.806885 2
1639113615771.192139 2
1639113616137.978760 2
1639113616482.482910 2
1639113616847.694092 2
1639113617187.951172 2
1639113617539.187988 2
1639113617861.082764 2
1639113618204.232910 2
1639113618531.238770 2
1639113618900.069336 2
1639113619226.890137 2
1639113619568.768066 2
1639113619968.688965 2
1639113620326.467041 2
1639113620597.529053 2
1639113620955.127930 2
1639113621304.742920 2
1639113621620.337891 2
1639113621978.104980 2
1639113622307.194092 2
1639113622651.937988 2
1639113623145.400879 2
1639113623401.717041 2
1639113623703.706055 2
1639113624047.102051 2
1639113624377.786133 2
1639113624720.702881 2
1639113625067.834229 2
1639113625413.229004 2
1639113625748.447998 2
1639113626163.184814 2
1639113626480.579102 2
1639113626807.057861 2
1639113627145.156982 2
1639113627145.419189 3
1639113627481.723877 2
1639113627833.414795 2
1639113628173.349854 2
1639113628585.314941 2
1639113629021.589111 2
1639113629279.936035 2
1639113629765.598145 2
1639113630016.392090 2
1639113630286.277832 2
1639113630572.688721 2
1639113630997.404785 2
1639113631302.717041 2
1639113631622.556885 2
1639113631953.780029 2
1639113632324.035156 2
1639113632642.455078 2
1639113633109.392822 2
1639113633379.166992 2
1639113633684.900146 2
1639113634044.523926 2
1639113634414.625000 2
1639113634862.247070 2
1639113635295.934814 2
1639113635573.187012 2
1639113635855.739746 2
1639113636159.863037 2
1639113636490.053223 2
1639113636490.290039 3
1639113636904.059814 2
1639113637205.052002 2
1639113637503.887939 2
1639113637813.697998 2
1639113638270.105957 2
1639113638517.907959 2
1639113638847.647949 2
1639113639178.650146 2
1639113639503.218994 2
1639113639503.401123 3
1639113639864.037109 2
1639113640202.835938 2
1639113640633.176025 2
1639113640931.578857 2
1639113641247.665039 2
1639113641581.379150 2
1639113641923.418945 2
1639113642285.726074 2
1639113642618.956055 2
1639113642619.238770 3
1639113643040.762207 2
1639113643352.642090 2
1639113643644.305908 2
1639113643995.337891 2
1639113644354.870117 2
1639113644691.893066 2
1639113645036.948975 2
1639113645355.345947 2
1639113645769.554932 2
1639113645769.864990 3
1639113646144.215088 2
1639113646384.824951 2
1639113647056.420166 2
1639113647358.963867 2
1639113647600.550781 2
1639113647930.631836 2
1639113648232.166992 2
1639113648615.397949 2
1639113648796.880859 2
1639113648797.136719 3
1639113649338.298828 2
1639113649530.321777 2
1639113650036.511963 2
1639113650260.806885 2
1639113650538.031006 2
1639113650877.474121 2
1639113651221.274170 2
1639113651557.048096 2
1639113652127.875000 2
1639113652128.100098 3
1639113652369.173096 2
1639113652608.442139 2
1639113652978.408936 2
1639113653317.886963 2
1639113653644.994873 2
1639113653962.625977 2
1639113654508.190918 2
1639113654748.620117 2
1639113655048.522949 2
1639113655048.821045 3
1639113655355.609131 2
1639113655701.711182 2
1639113656014.321777 2
1639113656630.474121 2
1639113656850.950928 2
1639113657084.634033 2
1639113657397.599854 2
1639113657754.378174 2
1639113658141.301025 2
1639113658502.649170 2
1639113658816.656738 2
1639113659151.430908 2
1639113659509.044922 2
1639113659989.471924 2
1639113660533.862793 2
1639113660840.247070 2
1639113661074.968994 2
1639113661341.093750 2
1639113661341.274902 3
1639113661589.889893 2
1639113661968.836182 2
1639113662640.101807 2
1639113663022.890137 2
1639113663403.215820 2
1639113663802.084229 2
1639113664121.425781 2
1639113664369.050049 2
1639113664599.546875 2
1639113664599.705078 3
1639113664827.769043 2
1639113665029.618896 2
1639113665315.260010 2
1639113665648.623047 2
1639113666276.096191 2
1639113666604.578125 2
1639113666829.391846 2
1639113667058.110840 2
1639113667364.601074 2
1639113667364.732910 3
1639113667727.869873 2
1639113668116.627930 2
1639113668403.062988 2
1639113669014.354004 2
1639113669351.098877 2
1639113669648.187988 2
1639113669899.171143 2
1639113670183.185791 2
1639113670465.381836 2
1639113670467.127197 3
1639113670855.875000 2
1639113671169.191895 2
1639113671498.926270 2
1639113671985.017090 2
1639113672288.453125 2
1639113672568.677979 2
1639113672874.350098 2
1639113673232.751221 2
1639113673586.539062 2
1639113673586.756104 3
1639113673934.995850 2
1639113674306.390137 2
1639113674604.234863 2
1639113674967.929199 2
1639113675313.445801 2
1639113675832.392090 2
1639113676108.199951 2
1639113676364.531006 2
1639113676656.734863 2
1639113676656.907959 3
1639113677000.087891 2
1639113677353.169922 2
1639113677780.614746 2
1639113678329.946045 2
1639113678626.333984 2
1639113678875.855225 2
1639113679124.987793 2
1639113679468.081055 2
1639113679761.812988 2
1639113679762.818115 3
1639113680101.615234 2
1639113680440.819092 2
1639113680962.428955 2
1639113681252.817871 2
1639113681499.009033 2
1639113681794.672852 2
1639113682163.599854 2
1639113682499.948975 2
1639113682998.052002 2
1639113683256.047119 2
1639113683879.765137 2
1639113684174.322754 2
1639113684405.426025 2
1639113684628.809082 2
1639113684967.198975 2
1639113685425.240967 2
1639113685690.068848 2
1639113685955.911865 2
1639113685956.056152 3
1639113686264.185303 2
1639113686646.979980 2
1639113687209.950928 2
1639113687678.166016 2
1639113687979.073975 2
1639113688351.028809 2
1639113688592.718994 2
1639113688847.048096 2
1639113689145.147705 2
1639113689145.504883 3
1639113689429.918945 2
1639113689763.769043 2
1639113690345.184082 2
1639113690611.668945 2
1639113690829.514893 2
1639113691099.648926 2
1639113691421.296875 2
1639113691770.160889 2
1639113692132.073975 2
1639113692466.850098 2
1639113692842.893066 2
1639113693193.609863 2
1639113693814.017090 2
1639113694342.367920 2
1639113694704.675049 2
1639113695306.071045 2
1639113695638.001953 2
1639113695879.169922 2
1639113695879.376953 3
1639113696309.192871 2
1639113696709.355225 2
1639113697378.127197 2
1639113697645.288086 2
1639113697976.768066 2
1639113698219.258789 2
1639113699052.927002 2
1639113700630.823730 2
1639113702281.863037 2
1639113702282.302979 3
1639113703452.379883 2
1639113704778.750000 2
1639113705854.727051 2
1639113707488.933838 2
1639113708955.605957 2
1639113710730.412109 2
1639113712436.823975 2
1639113713627.444092 2
1639113714866.476074 2
1639113714867.002930 3
1639113715531.421875 2
1639113716048.779053 2
1639113716418.754150 2
1639113716768.133057 2
1639113717064.539795 2
1639113717308.064941 2
1639113717572.080078 2
1639113717823.771973 2
1639113718080.473145 2
1639113718363.987061 2
1639113718612.409180 2
1639113718833.359863 2
1639113719087.160156 2
1639113719300.303223 2
1639113719534.347900 2
1639113719752.979980 2
1639113719957.393799 2
1639113720174.935059 2
1639113720175.186768 3
1639113720453.898926 2
1639113720785.299072 2
1639113720997.666992 2
1639113721230.890137 2
1639113721615.645996 2
1639113721838.352051 2
1639113722079.159912 2
1639113722329.425781 2
1639113722573.965088 2
1639113722818.194824 2
1639113723030.181885 2
1639113723330.036865 2
1639113723634.081055 2
1639113723948.367188 2
1639113724259.743896 2
1639113724646.082275 2
1639113725175.447021 2
1639113725605.645020 2
1639113725605.789795 3
1639113725778.143799 2
1639113725963.200928 2
1639113726112.896973 2
1639113726275.062012 2
1639113726420.861084 2
1639113726569.213867 2
1639113726718.212158 2
1639113726864.122803 2
1639113727019.177979 2
1639113727019.303955 3
1639113727169.350830 2
1639113727349.423096 2
1639113727558.746826 2
1639113727763.565918 2
1639113728012.965820 2
1639113728238.362061 2
1639113728419.966064 2
1639113728585.775146 2
1639113728735.587158 2
1639113728877.426758 2
1639113729034.184814 2
1639113729179.695068 2
1639113729380.602783 2
1639113729600.813232 2
1639113729859.846924 2
1639113730037.959961 2
1639113730200.947021 2
1639113730375.914062 2
1639113730543.836914 2
1639113730689.593018 2
1639113730838.460938 2
1639113730978.156982 2
1639113731173.069092 2
1639113731371.134033 2
1639113731597.218018 2
1639113731810.184082 2
1639113731961.080078 2
1639113731961.247803 3
1639113732112.549072 2
1639113732257.735107 2
1639113732408.183105 2
1639113732556.142090 2
1639113732701.135254 2
1639113732855.124023 2
1639113732994.702148 2
1639113733170.519043 2
1639113733319.058838 2
1639113733459.976074 2
1639113733629.245117 2
1639113733774.343994 2
1639113733924.665039 2
1639113734063.716064 2
1639113734211.224121 2
1639113734359.695801 2
1639113734516.163086 2
1639113734663.787109 2
1639113734809.417969 2
1639113734958.382080 2
1639113735115.350098 2
1639113735264.293945 2
1639113735409.978760 2
1639113735552.840088 2
1639113735698.897949 2
1639113735841.823975 2
1639113736064.971924 2
1639113736223.430908 2
1639113736373.111084 2
1639113736537.100098 2
1639113736728.782227 2
1639113737070.916260 2
1639113737418.741943 2
1639113737870.836914 2
1639113738115.095215 2
1639113738450.748047 2
1639113738450.992188 3
1639113738792.102783 2
1639113739134.687012 2
1639113739485.562012 2
1639113739949.506104 2
1639113740169.312012 2
1639113740511.314941 2
1639113740857.599854 2
1639113741199.193115 2
1639113741540.667969 2
1639113741540.849854 3
1639113741885.492920 2
1639113742232.248047 2
1639113742571.162109 2
1639113742919.626953 2
1639113743276.938965 2
1639113743714.266113 2
1639113743949.221191 2
1639113744321.293213 2
1639113744644.017822 2
1639113744644.215088 3
1639113744984.166016 2
1639113745323.134033 2
1639113745665.308838 2
1639113746127.629150 2
1639113746361.844971 2
1639113746695.591064 2
1639113747037.178955 2
1639113747389.413086 2
1639113747732.549805 2
1639113747732.730225 3
1639113748149.707031 2
1639113748417.848145 2
1639113748765.452148 2
1639113749099.692139 2
1639113749444.829102 2
1639113749789.128906 2
1639113750235.956787 2
1639113750481.655029 2
1639113750819.692139 2
1639113750819.877930 3
1639113751172.886230 2
1639113751506.634033 2
1639113751861.802002 2
1639113752196.765869 2
1639113752534.265137 2
1639113753006.416748 2
1639113753233.250244 2
1639113753569.784180 2
1639113753919.584961 2
1639113753919.845703 3
1639113754256.520020 2
1639113754602.186035 2
1639113755032.056152 2
1639113755291.046875 2
1639113755630.242188 2
1639113755976.880127 2
1639113756315.728027 2
1639113756663.494873 2
1639113757216.845947 2
1639113757217.164062 3
1639113757527.133057 2
1639113757788.406982 2
1639113758079.878906 2
1639113758386.617188 2
1639113758722.278809 2
1639113759062.936035 2
1639113759410.912109 2
1639113759759.620117 2
1639113760158.373047 2
1639113760158.618896 3
1639113760505.002930 2
1639113760802.076904 2
1639113761142.026855 2
1639113761502.222900 2
1639113761812.752930 2
1639113762205.647949 2
1639113762534.635010 2
1639113762864.384033 2
1639113763244.559814 2
1639113763543.229980 2
1639113763896.177979 2
1639113764226.722900 2
1639113764584.370850 2
1639113764907.180908 2
1639113765268.406006 2
1639113765592.437012 2
1639113766060.073975 2
1639113766312.207275 2
1639113766312.389160 3
1639113766623.815918 2
1639113766980.290039 2
1639113767309.928955 2
1639113767653.053955 2
1639113767999.325928 2
1639113768343.007080 2
1639113768777.653076 2
1639113769034.368896 2
1639113769372.673096 2
1639113769715.219971 2
1639113770056.443848 2
1639113770401.285889 2
1639113770740.881836 2
1639113771163.477051 2
1639113771451.057861 2
1639113771773.564697 2
1639113772158.343994 2
1639113772460.920166 2
1639113772804.743896 2
1639113773152.551025 2
1639113773496.119873 2
1639113773833.416992 2
1639113774211.683105 2
1639113774518.601807 2
1639113774867.258057 2
1639113775209.032959 2
1639113775549.449951 2
1639113775549.591064 3
1639113775895.879150 2
1639113776357.996094 2
1639113776590.775879 2
1639113776929.060059 2
1639113777271.601074 2
1639113777610.572021 2
1639113777963.604980 2
1639113778401.571045 2
1639113778648.569092 2
1639113778648.739990 3
1639113778991.018066 2
1639113779331.045898 2
1639113779677.208008 2
1639113780036.111084 2
1639113780503.205078 2
1639113780720.739990 2
1639113781243.205811 2
1639113781460.117188 2
1639113781801.738037 2
1639113781802.067139 3
1639113782217.734863 2
1639113782596.863037 2
1639113782836.995117 2
1639113783410.656982 2
1639113783697.928955 2
1639113783927.902832 2
1639113784198.074707 2
1639113784552.232910 2
1639113784894.942139 2
1639113784895.095215 3
1639113785299.978027 2
1639113785592.882812 2
1639113785916.730957 2
1639113786287.811035 2
1639113786931.485840 2
1639113787236.770264 2
1639113787539.413818 2
1639113787763.230957 2
1639113788076.964111 2
1639113788077.295898 3
1639113788334.510010 2
1639113788653.658203 2
1639113789099.821045 2
1639113789391.953857 2
1639113789685.697021 2
1639113790027.765137 2
1639113790375.024902 2
1639113790726.030029 2
1639113791060.416016 2
1639113791060.562012 3
1639113791501.239990 2
1639113791806.463867 2
1639113792093.500732 2
1639113792438.241943 2
1639113792782.692139 2
1639113793126.545898 2
1639113793470.976074 2
1639113794070.653809 2
1639113794555.842041 2
1639113794556.239746 3
1639113794826.177979 2
1639113795103.913086 2
1639113795439.060059 2
1639113795660.486084 2
1639113795871.165039 2
1639113796253.281006 2
1639113796560.215088 2
1639113796917.379150 2
1639113797285.655029 2
1639113797285.939941 3
1639113797634.083008 2
1639113798118.478027 2
1639113798355.389893 2
1639113798678.254150 2
1639113798979.583984 2
1639113799316.545898 2
1639113799643.421875 2
1639113800010.896973 2
1639113800363.258789 2
1639113800363.495850 3
1639113800703.325928 2
1639113801037.815186 2
1639113801451.905029 2
1639113801785.481934 2
1639113802059.504883 2
1639113802384.983154 2
1639113802751.472900 2
1639113803090.454102 2
1639113803459.471924 2
1639113803459.633789 3
1639113803769.991943 2
1639113804128.201904 2
1639113804573.003906 2
1639113804849.198975 2
1639113805158.993896 2
1639113805493.182861 2
1639113805842.598877 2
1639113806182.379883 2
1639113806536.433838 2
1639113806536.610107 3
1639113806955.362061 2
1639113807249.781006 2
1639113807543.208984 2
1639113807912.890137 2
1639113808233.458984 2
1639113808574.693115 2
1639113808922.770996 2
1639113809267.720947 2
1639113809663.895020 2
1639113809664.098877 3
1639113809964.241943 2
1639113810287.024902 2
1639113810639.549072 2
1639113810989.269043 2
1639113811331.239014 2
1639113811669.739014 2
1639113812027.420898 2
1639113812347.213867 2
1639113812802.863037 2
1639113812803.086914 3
1639113813135.506836 2
1639113813441.656982 2
1639113813734.436035 2
1639113814091.502197 2
1639113814440.647949 2
1639113814761.954102 2
1639113815114.408936 2
1639113815476.293701 2
1639113815837.478760 2
1639113815837.692871 3
1639113816169.330811 2
1639113816498.639893 2
1639113816869.206055 2
1639113817213.689941 2
1639113817577.097900 2
1639113817888.076172 2
1639113818211.560059 2
1639113818641.603027 2
1639113819027.672119 2
1639113819027.917236 3
1639113819422.027100 2
1639113819662.372070 2
1639113820098.848145 2
1639113820354.916992 2
1639113820793.977051 2
1639113821152.477051 2
1639113821502.970947 2
1639113821934.717773 2
1639113822217.677979 2
1639113822217.910889 3
1639113822833.754883 2
1639113823332.874023 2
1639113823947.864990 2
1639113824319.962891 2
1639113824677.262939 2
1639113825017.521973 2
1639113825405.673096 2
1639113825972.221924 2
1639113826241.745850 2
1639113826242.078125 3
1639113826622.847168 2
1639113826857.620117 2
1639113827130.813721 2
1639113827434.713135 2
1639113827829.527100 2
1639113828190.587891 2
1639113828574.923096 2
1639113828806.591064 2
1639113829069.166260 2
1639113829069.459961 3
1639113829366.069092 2
1639113829613.888916 2
1639113829833.893799 2
1639113830054.792969 2
1639113830283.734131 2
1639113830482.558105 2
1639113830678.181885 2
1639113831002.901123 2
1639113831315.520020 2
1639113831315.688965 3
1639113831601.443115 2
1639113831960.791992 2
1639113832309.897949 2
1639113832640.691895 2
1639113832984.602295 2
1639113833338.750000 2
1639113833675.290039 2
1639113834119.095947 2
1639113834463.273926 2
1639113834463.600098 3
1639113834770.139893 2
1639113835100.700928 2
1639113835392.146729 2
1639113835735.827881 2
1639113836076.363037 2
1639113836429.572998 2
1639113836883.289062 2
1639113837154.936035 2
1639113837484.741943 2
1639113837485.054932 3
1639113837809.949951 2
1639113838149.398193 2
1639113838485.463135 2
1639113838822.959229 2
1639113839183.868896 2
1639113839528.490967 2
1639113839863.727051 2
1639113840323.353027 2
1639113840587.493896 2
1639113840587.937988 3
1639113840897.947754 2
1639113841239.038086 2
1639113841563.949219 2
1639113841921.333984 2
1639113842273.272949 2
1639113842614.690186 2
1639113842964.005859 2
1639113843403.230957 2
1639113843690.395752 2
1639113843690.729004 3
1639113843997.486084 2
1639113844334.776123 2
1639113844676.160156 2
1639113845019.326904 2
1639113845360.058105 2
1639113845860.151123 2
1639113846098.656006 2
1639113846389.460205 2
1639113846733.122070 2
1639113846733.361084 3
1639113847081.911133 2
1639113847415.306152 2
1639113847775.920166 2
1639113848240.293945 2
1639113848487.304932 2
1639113848787.043945 2
1639113849148.069824 2
1639113849488.952148 2
1639113849821.303223 2
1639113849821.532959 3
1639113850171.002930 2
1639113850509.404053 2
1639113850998.089111 2
1639113851249.594971 2
1639113851531.868896 2
1639113851881.861816 2
1639113852239.289062 2
1639113852585.431152 2
1639113852913.325928 2
1639113852913.520752 3
1639113853375.714111 2
1639113853647.538818 2
1639113853949.127930 2
1639113854292.211914 2
1639113854628.145996 2
1639113854980.038818 2
1639113855330.069092 2
1639113855658.238770 2
1639113856014.654785 2
1639113856014.882080 3
1639113856349.597900 2
1639113856705.321045 2
1639113857042.057129 2
1639113857376.144043 2
1639113857731.613770 2
1639113858077.479004 2
1639113858415.483887 2
1639113858759.578857 2
1639113859248.490967 2
1639113859248.716064 3
1639113859462.131104 2
1639113859790.619873 2
1639113860134.758057 2
1639113860484.662109 2
1639113860829.692871 2
1639113861229.168213 2
1639113861552.951172 2
1639113861866.362793 2
1639113862209.752197 2
1639113862209.915771 3
1639113862553.133057 2
1639113862892.169922 2
1639113863242.194824 2
1639113863578.287109 2
1639113863927.211914 2
1639113864398.844971 2
1639113864678.919922 2
1639113864998.554199 2
1639113865332.005127 3
1639115533108.986084 2
1639115533110.108887 2
1639115533253.795166 2
1639115533253.968994 2
1639115534166.990967 2
1639115534167.127197 2
1639115534167.204102 3
1639115534167.277100 3
1639115535250.481934 2
1639115535250.665039 2
1639115536342.960205 2
1639115536343.185059 2
1639115537435.594971 2
1639115537435.731934 2
1639115538527.226318 2
1639115538527.341064 2
1639115539623.628174 2
1639115539623.897949 2
1639115539624.004150 3
1639115539624.083984 3
1639115540705.052002 2
1639115540705.363037 2
1639115540705.587891 3
1639115540705.673096 3
1639115541833.375977 2
1639115541833.551270 2
1639115542933.329834 2
1639115542933.541016 2
1639115542933.688232 3
1639115542933.804932 3
1639115543971.917236 2
1639115543972.046143 2
1639115543972.126953 3
1639115543972.198975 3
1639115545070.913086 2
1639115545071.052979 2
1639115546156.156982 2
1639115546156.310059 2
1639115547279.485107 2
1639115547279.664062 2
1639115548345.352783 2
1639115548345.470947 2
1639115549425.569092 2
1639115549425.760010 2
1639115550513.453125 2
1639115550513.639893 2
1639115551602.926025 2
1639115551603.112061 2
1639115551603.195068 3
1639115551603.266846 3
1639115552693.105957 2
1639115552693.293213 2
1639115552693.570068 3
1639115552693.659912 3
1639115553792.621094 2
1639115553792.861816 2
1639115554880.863037 2
1639115554880.998779 2
1639115554881.075928 3
1639115554881.156250 3
1639115555966.095215 2
1639115555966.227051 2
1639115557175.520020 2
1639115557175.676758 2
1639115558170.439941 2
1639115558170.567871 2
1639115559239.517822 2
1639115559239.643799 2
1639115560325.447998 2
1639115560325.578857 2
1639115561414.637207 2
1639115561414.754150 2
1639115561414.828125 3
1639115561414.914062 3
1639115562507.203125 2
1639115562507.343750 2
1639115563595.057861 2
1639115563595.183105 2
1639115563595.261963 3
1639115563595.334961 3
1639115564691.051025 2
1639115564691.236084 2
1639115565777.082275 2
1639115565777.196045 2
1639115565777.274170 3
1639115565777.347168 3
1639115566874.457031 2
1639115566874.568848 2
1639115567963.607910 2
1639115567963.739014 2
1639115569089.876953 2
1639115569090.039062 2
1639115570192.044922 2
1639115570192.376221 2
1639115571236.917969 2
1639115571237.105957 2
1639115571237.218262 3
1639115571237.371826 3
1639115572319.991211 2
1639115572320.119141 2
1639115573411.854004 2
1639115573411.991211 2
1639115585273.112061 2
1639115585277.419189 3
1639115586625.573975 2
1639115586625.712158 3
1639115587602.755127 2
1639115588695.313965 2
1639115589765.701172 2
1639115589765.850098 3
1639115590855.118896 2
1639115592076.595947 2
1639115592076.899170 3
1639115593183.473877 2
1639115594132.544922 2
1639115598831.355713 2
1639115600182.004883 2
1639115601493.285889 2
1639115602830.040039 2
1639115603910.072021 2
1639115605011.368896 2
1639115606102.268066 2
1639115607188.329102 2
1639115608276.650879 2
1639115609465.974121 2
1639115610694.618896 2
1639115611779.474854 2
1639115612870.050049 2
1639115613958.616943 2
1639115615049.628906 2
1639115616136.942139 2
1639115617294.587891 2
1639115618338.353760 2
1639115619844.373047 2
1639115621126.085938 2
1639115622146.132080 2
1639115622817.330811 2
1639115624338.637207 2
1639115625251.436035 2
1639115626173.721924 2
1639115627035.198975 2
1639115628520.669922 2
1639115629524.612305 2
1639115631184.620117 2
1639115631788.172119 2
1639115633656.693848 2
1639115634719.420898 2
1639115635299.279297 2
1639115636697.234863 2
1639115637504.336914 2
1639115638501.309814 2
1639115638501.493896 3
1639115639513.965088 2
1639115639514.096924 3
1639115640626.234131 2
1639115641689.384033 2
1639115642776.837891 2
1639115643860.300049 2
1639115644951.379150 2
1639115646046.752930 2
1639115647220.118896 2
1639115648284.205078 2
1639115649389.260986 2
1639115650452.162109 2
1639115651568.826904 2
1639115652614.551025 2
1639115653671.575928 2
1639115654759.450195 2
1639115655851.253906 2
1639115656939.740967 2
1639115658046.135010 2
1639115659116.940918 2
1639115660213.869141 2
1639115661297.677002 2
1639115661297.829102 3
1639115662391.229004 2
1639115663472.697021 2
1639115664573.201904 2
1639115665659.297852 2
1639115665659.419922 3
1639115666744.258057 2
1639115666744.401855 3
1639115667847.740967 2
1639115667847.859863 3
1639115668970.452148 2
1639115668970.703857 3
1639115670044.397949 3
1639115673635.942871 2
1639115674744.300049 2
1639115674744.485107 3
1639115675818.110840 2
1639115675818.266846 3
1639115677326.512207 2
1639115678070.175049 2
1639115678070.300781 3
1639115679332.479004 2
1639115680426.522949 2
1639115681741.092285 2
1639115681741.277100 3
1639115682975.572998 2
1639115684157.999023 2
1639115684953.781006 2
1639115685908.417969 2
1639115686966.727051 2
1639115688170.197021 2
1639115689147.489014 2
1639115708104.809082 2
1639115709391.169922 2
1639115742585.841797 2
1639115747249.948975 2
1639115747724.276123 3
1639115748242.632812 2
1639115748870.981934 2
1639115748871.210938 3
1639115749120.693848 2
1639115749120.891846 3
1639115749467.768066 2
1639115749467.962891 3
1639115750532.073975 2
1639115750532.219971 3
1639115751613.558105 2
1639115752702.219971 2
1639115753791.744873 2
1639115753791.885254 3
1639115754886.541992 2
1639115754886.674805 3
1639115755989.165039 2
1639115755989.313965 3
1639115757176.980957 2
1639115758198.725342 2
1639115758198.884033 3
1639115759253.703857 2
1639115759253.843994 3
1639115760353.670898 2
1639115762317.934082 2
1639115762622.967041 2
1639115763615.481201 2
1639115764705.257812 2
1639115765784.780029 2
1639115766884.226074 2
1639115767990.806152 2
1639115769056.631104 2
1639115770157.759033 2
1639115771248.747070 2
1639115772377.322021 2
1639115772377.488770 3
1639115773431.621094 2
1639115774544.551758 2
1639115775637.932129 2
1639115776708.062012 2
1639115777920.052979 2
1639115777920.338867 3
1639115779150.642822 2
1639115779971.165039 2
1639115781136.769043 2
1639115782194.136230 2
1639115782194.324951 3
1639115783357.322998 2
1639115784346.776123 2
1639115785408.387207 2
1639115785408.519043 3
1639115786495.312012 2
1639115787598.652832 2
1639115788702.997070 2
1639115789863.658936 2
1639115790862.835938 2
1639115791985.166016 2
1639115793033.337158 2
1639115794126.439941 2
1639115795223.776123 2
1639115796299.863037 2
1639115797640.958008 2
1639115798996.111084 2
1639115799720.624268 2
1639115800773.536865 2
1639115801841.634033 2
1639115802846.031982 2
1639115804479.109131 2
1639115805413.404053 2
1639115806364.357910 2
1639115807393.641846 2
1639115808501.193115 2
1639115809453.604004 2
1639115809453.838135 3
1639115810568.753906 2
1639115811773.906982 2
1639115811775.650879 3
1639115812759.802734 2
1639115812759.955811 3
1639115813814.974121 2
1639115813815.145996 3
1639115814860.814941 2
1639115814860.958984 3
1639115815986.322021 2
1639115817578.867920 2
1639115818433.966064 2
1639115819249.511963 2
1639115820432.404053 2
1639115820432.616943 3
1639115821414.702148 2
1639115821414.841064 3
1639115822566.333984 2
1639115822566.511230 3
1639115823828.194092 2
1639115824720.322021 2
1639115824720.531982 3
1639115826553.827148 2
1639115827290.140869 2
1639115828010.940918 2
1639115828011.052979 3
1639115829504.724121 2
1639115830182.298096 2
1639115831315.170166 2
1639115832569.698975 2
1639115833486.987061 2
1639115834615.849854 2
1639115835852.937012 2
1639115836948.012207 2
1639115836948.426025 3
1639115838009.760986 2
1639115838009.995850 3
1639115839012.236084 2
1639115839012.466797 3
1639115840062.089844 2
1639115840062.426025 3
1639115841108.524170 2
1639115841108.790039 3
1639115842279.804932 2
1639115843361.486084 2
1639115844443.920898 2
1639115845955.145996 2
1639115846730.313965 2
1639115846730.669922 3
1639115847954.473877 2
1639115849317.252197 2
1639115849317.510742 3
1639115849892.684082 2
1639115850982.533203 2
1639115852096.513916 2
1639115852096.762939 3
1639115853163.555176 2
1639115853163.720947 3
1639115854219.681885 2
1639115854219.895996 3
1639115855317.898926 2
1639115856717.449951 2
1639115856717.775879 3
1639115858465.691895 2
1639115858465.924072 3
1639115859026.199219 2
1639115859815.414062 2
1639115860797.027100 2
1639115860797.256836 3
1639115861882.774170 2
1639115863068.765869 2
1639115864069.424805 2
1639115865413.979980 2
1639115866379.250977 2
1639115867282.592041 2
1639203429360.104980 2
1639203429743.705078 2
1639203430145.606934 2
1639203431709.165039 2
1639203432110.376953 2
1639203432490.625244 2
1639203433283.584229 2
1639203434843.247070 2
1639203435237.036865 2
1639203436028.271240 2
1639203436485.964111 2
1639203436826.677002 2
1639203437594.156006 2
1639203439556.267090 2
1639203440335.627197 2
1639203440724.688965 2
1639203442293.358154 2
1639203442688.773193 2
1639203443861.596924 2
1639203444253.893066 2
1639203445048.918945 3
1639203445435.153076 2
1639203445829.401123 2
1639203450131.305908 2
1639203491479.497070 2
1639203492649.715820 2
1639203562077.227051 2
1639203562478.888916 2
1639203564446.833740 2
1639203658053.756104 2
1639203658465.256836 2
1639203722871.809082 2
1639203724564.145752 2
1639203724811.972168 2
1639203732375.103027 2
1639203732713.917969 2
1639203733039.194092 2
1639203733489.957764 2
1639203733851.999023 2
1639203734298.940918 2
1639203734784.998047 2
1639203735237.152100 2
1639203736152.744141 2
1639203737310.680176 2
1639203742116.120117 2
1639203742453.764160 2
1639203742796.473145 2
1639203743184.427002 2
1639203743602.750977 2
1639203743984.845215 2
1639203744390.909912 2
1639203744749.362061 2
1639203745154.128906 2
1639203745560.465820 2
1639203745937.875000 2
1639203746401.597900 2
1639203746869.041992 2
1639203747179.154785 2
1639203747599.973145 2
1639203747938.052246 2
1639203748419.237793 2
1639203749137.222900 3
1639203749892.266113 2
1639203750354.047119 2
1639203750699.698975 2
1639203751070.076904 2
1639203751567.825928 2
1639203751958.768066 2
1639203752316.316895 2
1639203752317.245850 3
1639203752660.862061 2
1639203753061.352051 2
1639203753558.730957 2
1639203753885.809814 2
1639203754288.243896 2
1639203754708.708008 2
1639203754708.911133 3
1639203755004.175293 2
1639203755403.357910 2
1639203755815.946045 2
1639203756189.481934 2
1639203756706.937012 2
1639203757031.099854 2
1639203757418.949951 2
1639203757796.714111 2
1639203758283.671143 2
1639203758646.735840 2
1639203759014.819092 2
1639203759402.725830 2
1639203759733.769775 2
1639203760142.344971 2
1639203760528.488770 2
1639203760970.197021 2
1639203761394.502930 2
1639203761718.742188 2
1639203762136.123047 2
1639203762502.992920 2
1639203762959.737061 2
1639203763297.134277 2
1639203763740.097900 2
1639203764060.356201 2
1639203764060.544922 3
1639203764460.311035 2
1639203764844.357910 2
1639203765264.969971 2
1639203766018.295166 2
1639203766377.196045 2
1639203766685.274170 2
1639203766994.460938 2
1639203767297.694824 2
1639203767616.163086 2
1639203768004.635742 2
1639203768434.229980 2
1639203768853.196045 2
1639203769205.250000 2
1639203769651.267090 2
1639203770147.150146 2
1639203770443.377930 2
1639203770807.297852 2
1639203771243.141113 2
1639203771243.313965 3
1639203771558.934814 2
1639203771965.164062 2
1639203772364.894775 2
1639203772737.666992 2
1639203773194.128906 2
1639203773628.631104 2
1639203773629.038086 3
1639203774271.916260 2
1639203774604.649902 2
1639203774857.721191 2
1639203775240.738037 2
1639203775581.297852 2
1639203776003.142822 2
1639203776377.363037 2
1639203776972.369873 2
1639203777453.296875 2
1639203777734.105225 2
1639203777994.693115 2
1639203778314.576904 2
1639203778813.327881 2
1639203779114.394287 2
1639203779477.215088 2
1639203779846.524902 2
1639203780236.132080 2
1639203780683.560791 2
1639203780683.888916 3
1639203781116.613770 2
1639203781474.689941 2
1639203781838.853760 2
1639203782197.958008 2
1639203782574.129883 2
1639203783015.864014 2
1639203783390.951904 2
1639203783803.492920 2
1639203784181.784180 2
1639203784538.266113 2
1639203784977.564697 2
1639203785289.745850 2
1639203785623.041992 2
1639203786017.708984 2
1639203786416.497070 2
1639203786800.185303 2
1639203787205.976074 2
1639203787588.263916 2
1639203787986.249023 2
1639203788394.576904 2
1639203788768.743896 2
1639203789170.565918 2
1639203789647.800049 2
1639203790105.625244 2
1639203790377.686035 2
1639203790773.690918 2
1639203791207.120850 2
1639203791565.842773 2
1639203792284.113770 2
1639203792792.402100 2
1639203793246.266846 2
1639203793709.769043 2
1639203794136.452148 2
1639203794584.269043 2
1639203794999.812988 2
1639203795430.842041 2
1639203795881.414795 2
1639203796304.295898 2
1639203796724.821045 2
1639203797216.247070 2
1639203797667.349121 2
1639203798090.135986 2
1639203798534.912109 2
1639203798952.103760 2
1639203799394.625000 2
1639203799795.778076 2
1639203800199.659180 2
