2.5587287565869983
2.568185464168633
2.564445205311942
2.56460200799775
2.5644530449908443
2.5641677115575425
2.564180252352315
2.5641159820757196
2.563998422833459
2.5639247578691013
2.563739830441134
2.544905158489865
2.544037654365917
2.5431460693232957
2.556766589128007
2.5577800517373226
2.5601500087895777
2.5446257020115888
2.5439589599516235
2.5436411457805845
2.5569707761983635
2.5385023679472245
2.559050352408286
2.558134173378182
2.564222578440327
2.541618870849187
2.5468816320235312
2.557518033646547
2.536416159803197
2.5379616816135764
2.540070431278028
2.5583229743198124
2.5442305534240592
2.557577294945218
2.5566948975872257
2.5576755499914934
2.557493082342382
2.538998711826978
2.5576833483343946
2.5445809329211175
2.544187341492664
2.557577294945218
2.5566154181872265
2.5576693113514115
2.539276933666955
2.5446828234831598
2.5576303205404174
2.556892838353783
2.537525613901777
2.5380400054218386
2.5589254512265356
2.556185380093793
2.5459602351534354
2.544374089302635
2.557354299598499
2.5568460779275566
2.557262305856645
2.5586179340383155
2.55848058983526
2.5577675734679812
2.5638526643430253
2.5642335520986492
2.564134792554889
2.56460200799775
2.543499235004357
2.5578330857403517
2.5570533955012777
2.5568180224927595
2.5582106266002906
2.558230910875231
2.5578720827339074
2.5578564837937936
2.5644640206218345
2.563916921419869
2.564142630335998
2.5641551708854373
2.563786843359943
2.5644593167684775
2.564304099287745
2.564045445236778
2.5639184887058835
2.5646208256086407
2.5638730381894037
2.564095604368061
2.5643385904374343
2.56395140215481
2.5644640206218345
2.5639247578691013
2.563957671478986
2.5644044397543144
2.5639968554497186
2.564228849090725
2.564260202802752
2.563542395008728
2.564542420718338
2.564293125025601
2.5642617705084807
2.563424888354864
2.564181819960287
2.564766671456656
2.563728861008168
2.564438933603332
2.5638793071303567
2.56382602210941
2.5646035761214434
2.564076794463854
2.56382602210941
2.5637476658078673
2.5646490525427565
2.564332319250296
2.5639059504714212
2.563932594366237
2.5646945305769044
2.5639247578691013
2.563459355856811
2.5648576374811425
2.563078698045504
2.565201170830994
2.5638918451042323
2.564373082514982
2.564023501233931
2.5643636754927206
2.5637492328869613
2.564192793269757
2.5637413975106496
2.56455026099164
2.564293125025601
2.564293125025601
2.563766470883433
2.564163008791128
2.5639451328612934
2.5653910163998197
2.563037975921166
2.5643589720074713
2.564161441206157
2.564918807918995
2.5644640206218345
2.563885576101966
2.564235119771791
2.56422728142525
2.564083064401259
2.5642210107825196
2.563811917621659
2.5642993960210387
2.564255499697068
2.5640156641810843
2.5639796143550444
2.564319776968037
2.564003124996179
2.5639451328612934
2.56354396183689
2.564772944768432
2.564266473637167
2.564496948078509
2.56397647963547
2.564471860415776
2.563648943686937
2.5646600298516042
2.564036040618136
2.5629988212526498
2.565281184959025
2.564279015398009
2.5640250686502495
2.563728861008168
2.564628666361347
2.56422728142525
2.563746098730689
2.5645565332447973
2.563631707270859
2.564542420718338
2.543312615589849
2.558251195471845
2.5572108546159678
2.537640758066741
2.5562554851292054
2.5599937500152588
2.5577878507174887
2.564186522795702
2.5640250686502495
2.564438933603332
2.5641285223645003
2.564247661225932
2.563077131786025
2.56515410602847
2.564076794463854
2.5638526643430253
2.564642779837034
2.564023501233931
2.5640109619723725
2.564042310356232
2.564266473637167
2.5643668111591396
2.5640705245571125
2.564266473637167
2.5638871433496586
2.5643244803095064
2.5640517150208675
2.5644844041857864
2.5640297709107025
2.5641363601072777
2.563957671478986
2.564181819960287
2.5641018743974584
2.5642084695890657
2.5631303856822205
2.564608280504031
2.5646945305769044
2.563583133163418
2.564766671456656
2.5643072348084672
2.5641206846696383
2.564003124996179
2.5642774476711945
2.5633590893339844
2.5649109653921114
2.5641285223645003
2.5626496145306485
2.565555781196096
2.5631695443706635
2.5647807864513075
2.56442482237112
2.564148900595385
2.564445205311942
2.5639498348285565
2.5643119381039283
2.5635564965311373
2.564681984751215
2.564156738462742
2.5621377211088596
2.566141259691926
2.5639968554497186
2.5644044397543144
2.5640313383346864
2.5640109619723725
2.5640109619723725
2.564438933603332
2.564064254681034
2.56360193582536
2.564608280504031
2.5641285223645003
2.563807216160228
2.564253931999007
2.564371514673146
2.563735129244083
2.563766470883433
2.5643871931777817
2.5638981141371557
2.56455026099164
2.5638652020563226
2.5631883409661187
2.564932924588243
2.5644640206218345
2.560268778216463
2.5674198810649673
2.5650693937359113
2.5636834172144303
2.564371514673146
2.564238255123825
2.5638981141371557
2.5643574041828887
2.5636097703492404
2.564004692387585
2.564674143672489
2.563437421884693
2.5645486929331445
2.5643385904374343
2.5640438777955468
2.564241390483527
2.5642147401704585
2.564103441909599
2.563877739892244
2.564241390483527
2.56518077587119
2.5628281208755754
2.5642429581662527
2.564200631405452
2.56384012675235
2.5657346926541136
2.564161441206157
2.5640109619723725
2.563780574871148
2.564766671456656
2.5637084894531275
2.5642398228027177
2.5639059504714212
2.563818186263723
2.5650050788801146
2.563722592802904
2.564398168245098
2.562447650496232
2.5654239676660127
2.564189658028896
2.563904383200736
2.5649972358256563
2.5633528229367393
2.531063627438024
2.5981057626194737
2.5638526643430253
2.565182344702738
2.564260202802752
2.5636865512174487
2.5637037883710168
1.8967628033515187
3.2429516917176966
2.991011215122552
2.564344861655246
2.5640517150208675
2.5639905859339183
2.56432604809383
2.5638996814001764
2.564772944768432
2.562832818746796
2.5645690778431542
2.565023902406508
2.5640501475719706
2.563274495556152
2.564681984751215
2.563628573401928
2.555498554182513
2.571619690287597
2.269631511933641
2.0816468534123582
4.01831775557676
2.564772944768432
2.5640909018661366
2.5649627269558413
2.562663706232736
2.56460200799775
2.563760202494259
2.0972012842301795
3.3000576720779806
2.564285286324436
2.5638197534290286
2.5580686456819404
2.345738073759559
2.8353513072834313
2.5643856253186907
2.5633261910902454
2.5645314444162506
2.5640705245571125
2.5644906761168085
2.5640689570852184
2.5627874067131122
2.565555781196096
2.564142630335998
2.5635251600253524
2.565003510265386
2.564017231587821
2.5640564173790565
2.5639184887058835
2.564206901948509
2.544672016521575
2.5378188682898495
2.5565452934084436
2.5578190471137585
2.5573106407263357
2.5588349054934705
2.5445608645298514
2.5574010786157864
2.5575117957748628
2.5569427180269684
2.5574260281247696
2.5583619862526983
2.558371349293632
2.563722592802904
2.5644906761168085
2.564266473637167
2.5639247578691013
2.5642335520986492
2.564194360893062
2.564062687216806
2.564200631405452
2.564297828269304
2.564062687216806
2.5637743064130056
2.564141062775943
2.563807216160228
2.565056844242495
2.5640705245571125
2.5637272939539786
2.5644499091135313
2.5640689570852184
2.5639122195733237
2.5641363601072777
2.5640971718725356
2.564279015398009
2.5638605003994663
2.5644702924531533
2.5638996814001764
2.5641677115575425
2.5638526643430253
2.564241390483527
2.56384639553236
2.5644906761168085
2.5639905859339183
2.56397647963547
2.564318209191381
2.5645565332447973
2.564181819960287
2.5640564173790565
2.563648943686937
2.5643793539014994
2.5643119381039283
2.563877739892244
2.564109711977327
2.5636881182218314
2.564543988769163
2.5644906761168085
2.563956104145068
2.5640517150208675
2.564159873623102
2.565135280591027
2.5630974933085637
2.5641222522047773
2.5654302441936423
2.5628547423735544
2.564896848964576
2.5641222522047773
2.5645894630772355
2.5635768656707296
2.5646223937553465
2.56442482237112
2.5641159820757196
2.5641300899092228
2.56360193582536
2.5641175496051094
2.563957671478986
2.5646396434956795
2.563847962732152
2.5648262691576007
2.563680283219074
2.564575350188355
2.5640909018661366
2.5642492289163257
2.564260202802752
2.563031711093811
2.5650693937359113
2.5642084695890657
2.5641206846696383
2.564134792554889
2.5643589720074713
2.563807216160228
2.564255499697068
2.5641018743974584
2.5640909018661366
2.5642868540608355
2.5632603971360055
2.5652654955208964
2.5639905859339183
2.5642147401704585
2.5642805831267403
2.563885576101966
2.5642335520986492
2.5641880904113408
2.563866769279107
2.564641211665398
2.5636881182218314
2.5640564173790565
2.5641739819395952
2.5644906761168085
2.564109711977327
2.5641661439668213
2.5637743064130056
2.5645957355221514
2.5639968554497186
2.5642147401704585
2.5640313383346864
2.556158896970007
2.571619690287597
2.5649831184484997
2.5639968554497186
2.563536127715232
2.564787059832133
2.564075226984294
2.5644514770512292
2.5641880904113408
2.5635392613581494
2.56455026099164
2.5643072348084672
2.563793111879392
2.564412279183972
2.5641677115575425
2.5640517150208675
2.564036040618136
2.564438933603332
2.5639655081773203
2.564371514673146
2.564023501233931
2.5642335520986492
2.5640705245571125
2.5641159820757196
2.5641771171421217
2.564332319250296
2.5639059504714212
2.564418550762208
2.564075226984294
2.5640109619723725
2.564042310356232
2.564523604257999
2.564219443126629
2.5640564173790565
2.5640109619723725
2.563818186263723
2.5640971718725356
2.5649109653921114
2.5637413975106496
2.563866769279107
2.564266473637167
2.5646490525427565
2.5639122195733237
2.564148900595385
2.5630567705869916
2.5651039054759837
2.5640109619723725
2.563877739892244
2.5640156641810843
2.563753934135737
2.565056844242495
2.5639059504714212
2.5640517150208675
2.5642257137616924
2.5642210107825196
2.5635894006867526
2.564641211665398
2.5641363601072777
2.564228849090725
2.5638322908204465
2.564418550762208
2.5641018743974584
2.564095604368061
2.563866769279107
2.5638134847793013
2.5646615980462535
2.5640689570852184
2.564272744502253
2.5637743064130056
2.5641159820757196
2.5645157641476843
2.565023902406508
2.56312881935957
2.5639968554497186
2.565604430087453
2.56404858012499
2.5638526643430253
2.564180252352315
2.564147333027663
2.5644797002576523
2.5642147401704585
2.563077131786025
2.564943904327311
2.56384012675235
2.564438933603332
2.564087766874436
2.5641677115575425
2.564062687216806
2.563772739303259
2.564371514673146
2.5637743064130056
2.564813722043019
2.563963940833821
2.5647682397817233
2.563760202494259
2.5643213447466096
2.564260202802752
2.5641285223645003
2.563807216160228
2.5642210107825196
2.5642084695890657
2.564496948078509
2.5637272939539786
2.564332319250296
2.564373082514982
2.298755123046282
2.898744797634729
2.5639843164487783
2.5640109619723725
2.5639827490822844
2.5648795957641584
2.5638322908204465
2.5639592388148205
2.5644373656809725
2.5642805831267403
2.563739830441134
2.564219443126629
2.564083064401259
2.563628573401928
2.5637492328869613
2.565161950042291
2.5644436373819137
2.564148900595385
2.5638996814001764
2.564159873623102
2.564200631405452
2.564087766874436
2.563929459761634
2.5634499555370844
2.565314133403792
2.5438031285176415
2.5379739673814714
2.557368333123995
2.5573558588715035
2.5573948413146033
2.558519606575297
2.5580546044695014
2.557667751696146
2.564200631405452
2.564318209191381
2.5632149699482687
2.5648074485317633
2.564457748821193
2.5639498348285565
2.5643401582390117
2.5639702102193156
2.5636865512174487
2.564787059832133
2.5639843164487783
2.564253931999007
2.5635768656707296
2.564542420718338
2.564465588576788
2.563904383200736
2.564319776968037
2.5639435655427048
2.564522036232101
2.5640109619723725
2.5634656227749306
2.5649235134581456
2.5640015576066895
2.564103441909599
2.564332319250296
2.563453088969333
2.5642210107825196
2.5645173321659125
2.564247661225932
2.5639498348285565
2.5635047917074125
2.564495380085208
2.5639137868535893
2.564600439875974
2.5638793071303567
2.561042611952009
2.5663202528199025
2.5652560819501384
2.5633261910902454
2.5647807864513075
2.5616792257620045
2.5666626074643224
2.564410711294206
2.564062687216806
2.5641880904113408
2.5639451328612934
2.56432604809383
2.563385721864083
2.564890575046659
2.563978046994299
2.5639184887058835
2.56404858012499
2.564398168245098
2.5639905859339183
2.5642210107825196
2.5643401582390117
2.564260202802752
2.563957671478986
2.563721025756377
2.564445205311942
2.563680283219074
2.565910489616585
2.563617604921007
2.5645283083471977
2.563780574871148
2.563675582240407
2.5648262691576007
2.5641880904113408
2.5643527007206446
2.564114414548247
2.5639968554497186
2.564083064401259
2.563858933184346
2.564523604257999
2.564062687216806
2.5635314272652208
2.565100768006693
2.5636223056870517
2.564688257648717
2.564095604368061
2.564083064401259
2.5638793071303567
2.5638385595621376
2.5642021990383412
2.564779218110896
2.5642021990383412
2.5642147401704585
2.5640689570852184
2.5635110588476895
2.5647008035357777
2.563597235134017
2.5644499091135313
2.56422728142525
2.5640564173790565
2.5635047917074125
2.565009784735812
2.5643009637746905
2.5639310270629774
2.5644702924531533
2.5640501475719706
2.5640156641810843
2.5639247578691013
2.564418550762208
2.56395140215481
2.564503220070889
2.563786843359943
2.56455026099164
2.5639905859339183
2.564083064401259
2.564235119771791
2.5632071378372596
2.565143124489715
2.5639122195733237
2.5645251722858142
2.5641677115575425
2.5639247578691013
2.5642021990383412
2.564003124996179
2.5644373656809725
2.5637696050895147
2.5641739819395952
2.564148900595385
2.5639184887058835
2.5646223937553465
2.564305667047148
2.5641959285182847
2.5640705245571125
2.564186522795702
2.5640971718725356
2.56382602210941
2.5639184887058835
2.5622566750378906
2.565359635028505
2.5648058801587448
2.564798038322423
2.563117855154616
2.5644499091135313
2.563766470883433
2.564616121180029
2.5647008035357777
2.5636035027263055
2.5640971718725356
2.5645157641476843
2.5643589720074713
2.562690324315077
2.565464765644592
2.564148900595385
2.564266473637167
2.5634938242856626
2.564931356061764
2.5632087042556324
2.5643527007206446
2.564293125025601
2.556185380093793
2.5724193340652195
2.5638808743703847
2.0979103946076507
1.8182970545635992
1.3627896367912238
3.2690131086186107
3.3278513191427237
3.016356470960504
3.926666348361995
3.3302822515332164
3.5023075644861357
2.651695849644443
2.563937296287512
2.5640376080497855
2.564180252352315
2.56382132059625
2.564260202802752
2.5637147575894272
2.5643934646333166
2.5649768441085334
2.5620015637216573
2.566339095654366
2.5641238197418335
2.5630567705869916
2.564813722043019
2.564297828269304
2.5637022213474783
2.564148900595385
2.5396182614018716
2.549335239421998
2.5441919712722463
2.544437373704897
2.5382504286088623
2.5388573185702077
2.4908331630932077
2.215541685506738
1.9994241465642335
2.398565311276214
2.407377497530522
2.5723940911594316
2.773715232703396
3.0269380850555585
2.9614621247692043
2.9221126025608783
2.666003921805429
2.621952919539885
2.5602609640997342
2.5565967178700717
2.5663532279618
2.56388400885619
2.506177752442958
2.621630068179943
2.56636579014352
2.5415341658264174
2.5479770443543073
2.5442892005359967
2.543604124051448
2.5378848982590063
2.539999672985119
2.5443463069009025
2.5441472174420983
2.544133328642536
2.543829356234629
2.53689174051789
2.5403935083538003
2.544037654365917
2.5453005166694784
2.5440947494393873
2.5436935950750286
2.53650665981283
2.5610285380725415
2.558257436950905
2.5641755495399003
2.544204317433512
2.5437846151606824
2.5445886516174316
2.5439913629443627
2.5358548972188633
2.5416311920501307
2.531062100062035
2.5451445208417907
2.5433511710755705
2.5434730140942095
2.5388696130108546
2.5393292031358503
2.531907020431866
2.544937585591139
2.544167279309182
2.543616464508085
2.5376085166472357
2.539212368470281
2.5445176413776283
2.5451630539985715
2.5442336400467562
2.5388819075705737
2.543249387123747
2.538096831602764
2.5441410446235713
2.544178081984048
2.545118265998374
2.5449113350168737
2.53729842673492
2.5388972759376713
2.5454997866766034
2.544406502871501
2.544256789955706
2.543817013712206
2.5375425010587453
2.53928308290455
2.5320629263189285
2.5406704969818854
2.5485049732954996
2.5359790896652132
1.6546374223927147
2.7746179884617597
3.05889216910349
3.4288619929939874
2.615473451189474
2.54436791538315
2.5379294320387644
2.5391201381704285
2.54436791538315
2.5443370462351513
2.5437090217497436
2.456265365186338
2.6325543152496946
2.5387482106269843
2.531557066358926
2.545281981510722
2.5437722730724164
2.543867927389176
2.5382919029878748
2.5394952498412176
2.526893134747022
1.6850596979727317
2.9794381104599537
3.900673035878197
2.58303988333438
2.5404827536497865
2.5125387201837364
2.5755659509560345
1.8461430115743105
2.0621156244822347
3.4892460147778905
3.789669607046793
2.052204614532509
3.112783082055297
2.7224814976846954
2.5337301791061546
2.5432154609501625
2.53872055094838
2.527619503323211
2.5398243324664
2.5505599392872083
2.5362612510468727
2.5419146126467145
2.5384009717122553
2.540728980080893
2.548972705969293
2.537580881796869
2.544398785280197
2.5386191372830997
2.5381475165596976
2.544937585591139
2.5386329659421736
2.544451265824321
2.543966674875025
2.537941717494433
2.5387927747102754
2.544491399465902
2.544425025281647
2.544704437681708
2.5441935145358516
2.530602443658356
2.541799080315999
2.5478950105213025
2.5447816342454
2.544878908584552
2.544088576875462
2.5378710777485862
1.9687094575692659
1.954418837852774
2.139737046703493
2.2282783839193074
2.220366815703854
2.3472464105514343
2.4330363124943077
2.15778134009396
2.3600152146366606
2.3952710246322693
2.210746802977387
2.151388504190646
2.240659520296425
2.2744548536623985
2.327070007329129
2.408287030471178
2.2624280231620455
2.353106447627821
2.6023323745399405
