1639113342915.562988 1
1639113343492.434082 1
1639113344127.337891 1
1639113345328.682861 1
1639113346337.804932 1
1639113346658.854980 1
1639113346916.962158 1
1639113347170.682129 1
1639113347430.489014 1
1639113347717.527100 1
1639113348152.622070 1
1639113348360.929932 1
1639113348769.242676 1
1639113349010.021240 1
1639113349206.361084 1
1639113349362.681152 1
1639113349518.781006 1
1639113349695.426025 1
1639113349850.063721 1
1639113350047.344971 1
1639113350204.605957 1
1639113350362.971924 1
1639113350516.124023 1
1639113350818.812744 1
1639113351173.061768 1
1639113351464.773926 1
1639113351806.049072 1
1639113352181.072998 1
1639113352497.072266 1
1639113352804.067139 1
1639113353262.066895 1
1639113353500.197266 1
1639113353840.717041 1
1639113354184.562988 1
1639113354527.198975 1
1639113354871.979980 1
1639113355228.134033 1
1639113355569.448975 1
1639113355918.091064 1
1639113356281.102295 1
1639113356592.423828 1
1639113356934.318115 1
1639113357273.934082 1
1639113358308.151123 1
1639113358648.645996 1
1639113358990.105225 1
1639113359406.511963 1
1639113359749.852051 1
1639113360073.222900 1
1639113360367.288086 1
1639113360712.911865 1
1639113361103.469971 1
1639113361467.047852 1
1639113361812.166016 1
1639113362121.659912 1
1639113362430.677002 1
1639113362775.004883 1
1639113363117.366943 1
1639113363805.906982 1
1639113364151.478027 1
1639113364490.208008 1
1639113364836.894043 1
1639113365181.292969 1
1639113365521.200928 1
1639113366209.007080 1
1639113366895.557861 1
1639113367239.731934 1
1639113367583.738037 1
1639113367941.333984 1
1639113368611.322998 1
1639113368956.743896 1
1639113369299.568115 1
1639113370678.832031 1
1639113371363.163086 1
1639113372046.726074 1
1639113372394.424072 1
1639113372735.722900 1
1639113373081.495117 1
1639113374135.887939 1
1639113374804.120117 1
1639113375166.985107 1
1639113375513.972900 1
1639113375878.718994 1
1639113376607.013916 1
1639113377207.975830 1
1639113377583.567871 1
1639113377900.937988 1
1639113378579.642822 1
1639113378925.207031 1
1639113380648.382812 1
1639113380982.812988 1
1639113381325.710938 1
1639113381669.642090 1
1639113382011.719971 1
1639113382458.254150 1
1639113382703.618164 1
1639113383053.156250 1
1639113383388.061035 1
1639113383729.953125 1
1639113384074.766113 1
1639113384416.963135 1
1639113385119.129150 1
1639113385811.989014 1
1639113386236.125977 1
1639113386485.926025 1
1639113386828.675049 1
1639113387172.010010 1
1639113387510.808105 1
1639113387855.928223 1
1639113388206.137207 1
1639113388542.553223 1
1639113388890.802979 1
1639113389234.502930 1
1639113389575.004883 1
1639113389921.378174 1
1639113390264.918945 1
1639113390605.219238 1
1639113390951.988037 1
1639113391637.779053 1
1639113391981.419922 1
1639113392685.576904 1
1639113393018.989990 1
1639113393383.712891 1
1639113393699.927979 1
1639113394055.995850 1
1639113394399.271973 1
1639113394732.741211 1
1639113395075.634033 1
1639113395437.630859 1
1639113396063.667969 1
1639113396334.499023 1
1639113396567.114990 1
1639113397062.107910 1
1639113397486.038086 1
1639113397760.579102 1
1639113398022.120117 1
1639113398200.484131 1
1639113398542.093018 1
1639113398863.369873 1
1639113399235.845703 1
1639113399624.332031 1
1639113399897.689209 1
1639113400269.594238 1
1639113400585.231689 1
1639113400932.826904 1
1639113401262.799072 1
1639113401609.893066 1
1639113401954.502930 1
1639113402296.294922 1
1639113402684.594971 1
1639113402987.267090 1
1639113403330.103271 1
1639113403678.642090 1
1639113404047.226074 1
1639113404381.119873 1
1639113405072.656982 1
1639113405424.015869 1
1639113405772.741699 1
1639113406140.858887 1
1639113406443.291016 1
1639113406908.927979 1
1639113407168.332031 1
1639113407527.196777 1
1639113407813.929932 1
1639113408154.629883 1
1639113408513.288086 1
1639113408835.267090 1
1639113409183.552979 1
1639113409530.951904 1
1639113409885.197998 1
1639113410542.117188 1
1639113411202.138184 1
1639113411490.674072 1
1639113411741.429932 1
1639113412347.878906 1
1639113413403.386230 1
1639113414272.500000 1
1639113414523.301758 1
1639113414699.112793 1
1639113414860.229004 1
1639113415035.361084 1
1639113415204.370117 1
1639113415355.506836 1
1639113415512.548096 1
1639113415687.381104 1
1639113415848.183105 1
1639113416006.682129 1
1639113416229.995117 1
1639113416599.557861 1
1639113417032.729248 1
1639113417264.998047 1
1639113417521.610107 1
1639113417865.225098 1
1639113418235.414062 1
1639113418559.700928 1
1639113418910.488037 1
1639113419449.468750 1
1639113419705.145020 1
1639113419947.534180 1
1639113420290.692139 1
1639113420607.472168 1
1639113420934.385986 1
1639113421295.521973 1
1639113421662.212158 1
1639113422227.244141 1
1639113422587.437256 1
1639113422834.319092 1
1639113423115.482178 1
1639113423361.365967 1
1639113423707.109131 1
1639113424374.022949 1
1639113424735.380859 1
1639113425402.018066 1
1639113425915.520996 1
1639113426179.987061 1
1639113426507.976074 1
1639113426802.085205 1
1639113427217.164062 1
1639113427753.456055 1
1639113428751.916016 1
1639113429134.892090 1
1639113429368.955811 1
1639113429597.272217 1
1639113429837.173096 1
1639113430344.143799 1
1639113430591.098877 1
1639113431010.486084 1
1639113431254.114990 1
1639113431777.497070 1
1639113432051.865967 1
1639113432293.076904 1
1639113432498.767822 1
1639113432721.386963 1
1639113433030.748779 1
1639113433373.818848 1
1639113433703.530029 1
1639113434387.601807 1
1639113434842.522217 1
1639113435260.645752 1
1639113435599.258789 1
1639113436026.364990 1
1639113436460.118164 1
1639113436866.195068 1
1639113437335.569824 1
1639113437756.215088 1
1639113438564.322021 1
1639113439571.741943 1
1639113440344.688232 1
1639113441125.239990 1
1639113441604.771240 1
1639113441913.425049 1
1639113442297.155029 1
1639113442733.726074 1
1639113443082.078857 1
1639113443429.977295 1
1639113443726.832764 1
1639113444602.352783 1
1639113445131.580811 1
1639113445358.197998 1
1639113445555.620117 1
1639113446014.348145 1
1639113446236.114014 1
1639113446430.574219 1
1639113446697.047852 1
1639113446932.153076 1
1639113447149.050049 1
1639113447432.429932 1
1639113447903.215088 1
1639113448588.802002 1
1639113448916.006836 1
1639113449160.166992 1
1639113449393.620850 1
1639113449719.963867 1
1639113449949.293213 1
1639113450166.250977 1
1639113450419.837891 1
1639113450658.126953 1
1639113451138.158203 1
1639113577699.248779 1
1639113578426.401123 1
1639113579356.902832 1
1639113579805.200928 1
1639113580150.986816 1
1639113581190.856934 1
1639113632323.185059 1
1639113633108.133057 1
1639113633378.294922 1
1639113650876.391846 1
1639113651220.354980 1
1639113652368.048828 1
1639113652607.671143 1
1639113652977.590088 1
1639113653316.911133 1
1639113653644.216064 1
1639113653961.905029 1
1639113654507.135010 1
1639113654747.719971 1
1639113655047.626953 1
1639113655354.644043 1
1639113655700.713867 1
1639113656013.578857 1
1639113656629.447021 1
1639113656850.156006 1
1639113657083.706787 1
1639113657396.855225 1
1639113657753.477783 1
1639113658140.457031 1
1639113659150.639160 1
1639113659501.818115 1
1639113660838.075928 1
1639113661340.314209 1
1639113661966.374023 1
1639113662638.543945 1
1639113663402.403076 1
1639113663801.458740 1
1639113664117.040771 1
1639113664368.335938 1
1639113664598.909912 1
1639113664826.950928 1
1639113665029.000977 1
1639113665314.497070 1
1639113665647.825928 1
1639113666275.052979 1
1639113666603.288086 1
1639113666828.728027 1
1639113667049.258057 1
1639113667363.932861 1
1639113667727.258301 1
1639113668115.941895 1
1639113668402.224121 1
1639113669013.527100 1
1639113669350.336182 1
1639113669647.562012 1
1639113669898.576904 1
1639113670182.302979 1
1639113670463.273926 1
1639113670855.152832 1
1639113671167.687988 1
1639113671498.061035 1
1639113671984.156738 1
1639113672287.041016 1
1639113672567.625977 1
1639113672873.626953 1
1639113673232.022949 1
1639113673585.638916 1
1639113673934.093018 1
1639113674294.176025 1
1639113674602.924072 1
1639113674964.891846 1
1639113675312.679932 1
1639113675831.535156 1
1639113676107.126953 1
1639113676363.730957 1
1639113676655.952881 1
1639113676999.384277 1
1639113677352.091797 1
1639113677779.260986 1
1639113678329.124268 1
1639113678875.016846 1
1639113679123.834229 1
1639113679466.974121 1
1639113679760.482178 1
1639113680100.644043 1
1639113680439.772949 1
1639113681251.931885 1
1639113681498.327881 1
1639113681793.294189 1
1639113682162.815186 1
1639113682499.159180 1
1639113682996.538818 1
1639113683252.710938 1
1639113683878.855957 1
1639113684173.688232 1
1639113684404.635010 1
1639113684628.196045 1
1639113684965.658203 1
1639113685424.412109 1
1639113685688.930908 1
1639113685955.122070 1
1639113686263.450928 1
1639113686645.146240 1
1639113687209.200195 1
1639113687677.369141 1
1639113687976.639893 1
1639113688349.249023 1
1639113688591.968018 1
1639113688846.359863 1
1639113689143.727051 1
1639113689429.239990 1
1639113689762.992188 1
1639113690344.182861 1
1639113690610.936279 1
1639113690828.851074 1
1639113691098.932861 1
1639113691420.556152 1
1639113691769.452148 1
1639113692465.815918 1
1639113692841.671875 1
1639113693190.874023 1
1639113693810.885254 1
1639113694341.523926 1
1639113694703.947021 1
1639113695637.181885 1
1639113695878.551025 1
1639113696308.241943 1
1639113696708.631104 1
1639113698218.375977 1
1639113699050.625000 1
1639113700630.033936 1
1639113702279.832031 1
1639113704776.378906 1
1639113705852.843018 1
1639113708954.720947 1
1639113710729.637207 1
1639113712435.016846 1
1639113713626.671143 1
1639113714863.858887 1
1639113715528.942139 1
1639113716046.321777 1
1639113716417.751953 1
1639113717571.353271 1
1639113717823.183838 1
1639113718079.798828 1
1639113719752.033936 1
1639113719956.847168 1
1639113720173.586914 1
1639113720784.665039 1
1639113720996.875977 1
1639113721230.223145 1
1639113721614.536133 1
1639113721837.458008 1
1639113722078.381104 1
1639113722328.653076 1
1639113722572.117188 1
1639113722817.413086 1
1639113723029.247070 1
1639113723329.427979 1
1639113723633.460938 1
1639113723947.245117 1
1639113724259.010986 1
1639113724645.275879 1
1639113725173.895752 1
1639113725604.911133 1
1639113725777.500000 1
1639113725962.570068 1
1639113726112.229736 1
1639113726274.462891 1
1639113726420.133789 1
1639113726568.646973 1
1639113726717.605225 1
1639113726863.386963 1
1639113727018.622803 1
1639113727168.743896 1
1639113727348.692871 1
1639113727558.142822 1
1639113727762.172852 1
1639113728012.196045 1
1639113728237.595703 1
1639113728419.364258 1
1639113728584.958984 1
1639113728734.842773 1
1639113728876.874023 1
1639113729033.515869 1
1639113729178.946045 1
1639113729379.703125 1
1639113729600.023926 1
1639113729859.044922 1
1639113730037.064941 1
1639113730200.204102 1
1639113730375.116943 1
1639113730543.121826 1
1639113730688.831055 1
1639113730837.915039 1
1639113730977.572266 1
1639113731172.442139 1
1639113731370.386719 1
1639113731596.385010 1
1639113731809.427002 1
1639113731960.240723 1
1639113732111.986816 1
1639113732257.208008 1
1639113732407.666992 1
1639113732555.415039 1
1639113732700.482178 1
1639113732854.388916 1
1639113732994.021973 1
1639113733169.894043 1
1639113733318.530029 1
1639113733459.424072 1
1639113733628.528076 1
1639113733773.744141 1
1639113733924.139893 1
1639113734063.013672 1
1639113734210.681152 1
1639113734359.061035 1
1639113734515.517090 1
1639113734662.938232 1
1639113734808.883789 1
1639113734957.789062 1
1639113735114.679199 1
1639113735263.189941 1
1639113735409.315186 1
1639113735552.123779 1
1639113735698.188965 1
1639113735841.189941 1
1639113736064.289062 1
1639113736222.629883 1
1639113736372.549072 1
1639113736536.251953 1
1639113736727.916992 1
1639113737070.194092 1
1639113737418.099854 1
1639113737869.899902 1
1639113738114.356934 1
1639113738791.247070 1
1639113739133.838135 1
1639113739484.741211 1
1639113739948.387207 1
1639113740168.233887 1
1639113740510.521240 1
1639113740856.996094 1
1639113741198.484863 1
1639113741540.064209 1
1639113741884.864014 1
1639113742231.498047 1
1639113742570.385010 1
1639113742918.884033 1
1639113743276.100098 1
1639113743712.772217 1
1639113743948.415039 1
1639113744320.536133 1
1639113744643.215820 1
1639113744983.429932 1
1639113745664.662109 1
1639113746126.600098 1
1639113746360.933838 1
1639113746694.721924 1
1639113747388.622070 1
1639113747731.631104 1
1639113748148.621094 1
1639113748764.592285 1
1639113749098.718994 1
1639113749444.020020 1
1639113749788.415039 1
1639113750234.931885 1
1639113750480.996094 1
1639113750818.943115 1
1639113751172.008057 1
1639113751505.923096 1
1639113751860.958984 1
1639113752195.941895 1
1639113752533.581055 1
1639113753005.064941 1
1639113753232.549805 1
1639113753569.096924 1
1639113753918.802002 1
1639113754255.845703 1
1639113754601.424072 1
1639113755031.290039 1
1639113755290.312012 1
1639113755629.460938 1
1639113755976.152100 1
1639113756315.040039 1
1639113756662.612061 1
1639113757216.010986 1
1639113757526.269043 1
1639113757787.500244 1
1639113758079.083008 1
1639113758385.677002 1
1639113758721.519043 1
1639113759061.797119 1
1639113759410.181152 1
1639113759758.914062 1
1639113760157.370850 1
1639113760504.193115 1
1639113760801.148926 1
1639113761141.226074 1
1639113761501.301025 1
1639113761812.104004 1
1639113762204.811035 1
1639113762533.881104 1
1639113762863.681152 1
1639113763243.614990 1
1639113763542.529053 1
1639113763895.359131 1
1639113764225.774170 1
1639113764583.665771 1
1639113764906.502930 1
1639113765267.599854 1
1639113765591.754883 1
1639113766059.163818 1
1639113766310.863037 1
1639113766623.156006 1
1639113766979.527100 1
1639113767309.153076 1
1639113767652.305908 1
1639113767998.499268 1
1639113768342.217041 1
1639113768776.511963 1
1639113769033.665039 1
1639113769372.049805 1
1639113769714.466064 1
1639113770055.718018 1
1639113770400.559082 1
1639113770740.186279 1
1639113771162.618164 1
1639113771450.354980 1
1639113771772.893799 1
1639113772157.286865 1
1639113772460.259033 1
1639113772804.068115 1
1639113773151.551025 1
1639113773495.321045 1
1639113773832.791992 1
1639113774211.070068 1
1639113774517.976074 1
1639113774866.510986 1
1639113775208.163086 1
1639113775548.711914 1
1639113775895.189941 1
1639113776357.187988 1
1639113776590.092041 1
1639113776927.967041 1
1639113777270.889160 1
1639113777609.791992 1
1639113777962.843994 1
1639113778400.887939 1
1639113778647.926025 1
1639113778990.371094 1
1639113779330.412109 1
1639113779676.398926 1
1639113780035.299072 1
1639113780500.344971 1
1639113780720.062012 1
1639113781241.833008 1
1639113781456.000000 1
1639113781800.201904 1
1639113782212.734863 1
1639113782591.052979 1
1639113782835.427979 1
1639113783398.974854 1
1639113783696.975098 1
1639113783927.019043 1
1639113784196.721924 1
1639113784551.376709 1
1639113784894.223877 1
1639113785299.055176 1
1639113785591.499023 1
1639113785915.866943 1
1639113786287.103027 1
1639113786930.439941 1
1639113787236.024170 1
1639113787538.510010 1
1639113787762.486816 1
1639113788075.906006 1
1639113788333.551270 1
1639113788652.498047 1
1639113789098.991211 1
1639113789390.814941 1
1639113789684.976074 1
1639113790026.943848 1
1639113790373.864990 1
1639113790724.755127 1
1639113791059.604004 1
1639113791500.145020 1
1639113791805.641846 1
1639113792092.624023 1
1639113792781.686035 1
1639113793125.859131 1
1639113793470.261963 1
1639113794068.312256 1
1639113794554.930908 1
1639113794825.185059 1
1639113795659.847900 1
1639113796252.384033 1
1639113796559.527832 1
1639113796916.519043 1
1639113798117.532959 1
1639113798354.205811 1
1639113798677.071045 1
1639113798978.379883 1
1639113799315.870117 1
1639113799642.750000 1
1639113800009.934082 1
1639113800361.898926 1
1639113800702.487061 1
1639113801037.103271 1
1639113801450.963867 1
1639113801784.584961 1
1639113802058.647217 1
1639113802384.218262 1
1639113802750.594238 1
1639113803089.379150 1
1639113803458.472900 1
1639113803769.067139 1
1639113804127.263916 1
1639113804571.934082 1
1639113804848.440186 1
1639113805158.136230 1
1639113805492.516113 1
1639113805840.811035 1
1639113806181.621094 1
1639113806535.584961 1
1639113806954.282959 1
1639113807249.085938 1
1639113807542.413086 1
1639113807912.163086 1
1639113808232.511963 1
1639113808573.982910 1
1639113808921.833984 1
1639113809266.959961 1
1639113809663.062988 1
1639113809963.365723 1
1639113810286.358154 1
1639113810638.719971 1
1639113810988.225098 1
1639113811330.646973 1
1639113811668.991211 1
1639113812026.688965 1
1639113812344.969971 1
1639113812801.860107 1
1639113813134.377930 1
1639113813440.627930 1
1639113813733.637695 1
1639113814090.823975 1
1639113814438.957031 1
1639113814761.307861 1
1639113815475.309082 1
1639113815836.423828 1
1639113816168.653076 1
1639113816497.761963 1
1639113816868.471191 1
1639113817212.869141 1
1639113817576.293213 1
1639113817887.024170 1
1639113818210.687012 1
1639113818640.632080 1
1639113819026.610840 1
1639113819420.990967 1
1639113819661.573975 1
1639113820097.999756 1
1639113820353.941895 1
1639113820793.148926 1
1639113821151.750732 1
1639113821502.283203 1
1639113821934.056885 1
1639113822216.633057 1
1639113822832.955811 1
1639113823332.055176 1
1639113823945.032959 1
1639113824319.130127 1
1639113824676.457764 1
1639113825017.000000 1
1639113825404.495117 1
1639113825970.921143 1
1639113826240.750977 1
1639113826621.825928 1
1639113826856.816162 1
1639113827130.081055 1
1639113827434.053955 1
1639113827828.807861 1
1639113828189.702881 1
1639113828574.028076 1
1639113828805.821045 1
1639113829067.588135 1
1639113829365.347168 1
1639113829604.052002 1
1639113829833.122070 1
1639113830054.052002 1
1639113830283.029053 1
1639113830481.882812 1
1639113830677.486084 1
1639113831001.932129 1
1639113831314.569092 1
1639113831600.581787 1
1639113831959.612793 1
1639113832309.032959 1
1639113832639.887695 1
1639113832983.689941 1
1639113833338.000977 1
1639113833674.648926 1
1639113834118.336914 1
1639113834462.407715 1
1639113834769.186035 1
1639113835099.997070 1
1639113835390.885742 1
1639113835734.838867 1
1639113836075.469971 1
1639113836426.897949 1
1639113836882.311768 1
1639113837153.449951 1
1639113837483.913818 1
1639113837809.155029 1
1639113838148.597900 1
1639113838484.591064 1
1639113838822.148193 1
1639113839183.108154 1
1639113839527.720947 1
1639113839862.929932 1
1639113840322.418945 1
1639113840586.063965 1
1639113840897.249023 1
1639113841238.388916 1
1639113841563.271973 1
1639113841920.234863 1
1639113842272.538086 1
1639113842613.949951 1
1639113842963.193115 1
1639113843402.135986 1
1639113843689.502930 1
1639113843996.750977 1
1639113844333.545898 1
1639113844675.221924 1
1639113845018.107910 1
1639113845359.375977 1
1639113845859.152832 1
1639113846089.354004 1
1639113846388.687012 1
1639113846732.202148 1
1639113847081.156006 1
1639113847414.677979 1
1639113847775.074951 1
1639113848239.145020 1
1639113848486.492920 1
1639113848786.019043 1
1639113849146.657959 1
1639113849488.039062 1
1639113849820.456055 1
1639113850170.326904 1
1639113850507.681152 1
1639113850997.143066 1
1639113851248.723877 1
1639113851531.199951 1
1639113851881.124023 1
1639113852238.670166 1
1639113852584.481934 1
1639113852912.707031 1
1639113853374.840088 1
1639113853646.792969 1
1639113853948.267822 1
1639113854291.458008 1
1639113854627.415039 1
1639113854978.994873 1
1639113855329.364014 1
1639113855657.575928 1
1639113856013.667969 1
1639113856348.518799 1
1639113856704.335938 1
1639113857041.335938 1
1639113857375.395996 1
1639113857730.824951 1
1639113858076.675293 1
1639113858414.808105 1
1639113858758.600098 1
1639113859247.664307 1
1639113859461.434082 1
1639113860133.772217 1
1639113860483.630127 1
1639113860828.708252 1
1639113861226.968994 1
1639113861552.083984 1
1639113861865.534180 1
1639113862209.003906 1
1639113862552.342041 1
1639113862891.040039 1
1639113863241.375000 1
1639113863577.566895 1
1639113863926.284912 1
1639113864678.056885 1
1639115534166.135986 1
1639115537434.983887 1
1639115538526.624023 1
1639115539622.878906 1
1639115543971.230957 1
1639115545070.320068 1
1639115546155.409912 1
1639115548344.733887 1
1639115549424.877197 1
1639115553791.979980 1
1639115554880.226074 1
1639115555965.493896 1
1639115557174.745117 1
1639115558169.739014 1
1639115559238.913086 1
1639115560324.838867 1
1639115561414.091064 1
1639115562506.516846 1
1639115563594.469727 1
1639115565776.496826 1
1639115566873.783203 1
1639115567962.870117 1
1639115569089.042969 1
1639115570191.259766 1
1639115571236.146973 1
1639115572319.385010 1
1639115573411.194092 1
1639115586624.553955 1
1639115587601.459961 1
1639115588692.030029 1
1639115589764.981934 1
1639115590854.302979 1
1639115592073.575928 1
1639115593181.952881 1
1639115594131.422119 1
1639115595219.790039 1
1639115595460.346924 1
1639115595705.339844 1
1639115595945.277832 1
1639115596186.687988 1
1639115596420.602783 1
1639115596660.857178 1
1639115596903.258789 1
1639115597191.862061 1
1639115597387.976807 1
1639115597648.675049 1
1639115597863.840088 1
1639115598120.630859 1
1639115598353.851807 1
1639115598590.770020 1
1639115598830.640137 1
1639115599945.278809 1
1639115600181.274170 1
1639115601254.337158 1
1639115601492.696045 1
1639115602592.190918 1
1639115602829.411865 1
1639115603909.439941 1
1639115605010.682129 1
1639115606101.587158 1
1639115607187.708740 1
1639115608276.072021 1
1639115609465.096924 1
1639115610453.303955 1
1639115610693.955078 1
1639115611778.854004 1
1639115612869.437988 1
1639115613958.029053 1
1639115615049.067871 1
1639115616136.321045 1
1639115617293.222900 1
1639115618337.677002 1
1639115619842.507080 1
1639115621125.289062 1
1639115622144.395996 1
1639115622816.423828 1
1639115624336.986816 1
1639115625247.750977 1
1639115626172.785889 1
1639115627034.531006 1
1639115628517.839844 1
1639115629523.418213 1
1639115631183.419922 1
1639115631787.264160 1
1639115633245.815918 1
1639115633655.063232 1
1639115634302.305908 1
1639115634718.792969 1
1639115635297.176025 1
1639115636696.302246 1
1639115637503.481201 1
1639115638500.398193 1
1639115639513.359863 1
1639115640625.645996 1
1639115641688.735840 1
1639115642776.089111 1
1639115643859.536865 1
1639115644950.488037 1
1639115646046.162842 1
1639115647218.726807 1
1639115649388.434814 1
1639115650451.385010 1
1639115651567.916992 1
1639115652613.682129 1
1639115653670.904053 1
1639115654758.683838 1
1639115655850.685791 1
1639115656939.066895 1
1639115658045.331055 1
1639115659116.250000 1
1639115660213.231201 1
1639115661297.020996 1
1639115662390.482910 1
1639115663472.069092 1
1639115664572.479980 1
1639115665658.717773 1
1639115666743.593994 1
1639115667847.119873 1
1639115668969.537109 1
1639115670043.805908 1
1639115670269.080078 1
1639115670502.812012 1
1639115670746.854980 1
1639115670989.119141 1
1639115671237.966064 1
1639115671474.229980 1
1639115671707.012207 1
1639115671945.267822 1
1639115672280.826904 1
1639115672505.082031 1
1639115672679.640137 1
1639115672911.477051 1
1639115673181.552246 1
1639115673393.607910 1
1639115673635.324951 1
1639115674743.590820 1
1639115675817.485107 1
1639115677325.403809 1
1639115678068.833008 1
1639115679090.718018 1
1639115679331.823975 1
1639115680425.868896 1
1639115681739.825928 1
1639115682974.295166 1
1639115684156.537109 1
1639115685907.797119 1
1639115686966.118896 1
1639115747248.733887 1
1639115747723.735107 1
1639115748241.409180 1
1639115748870.190186 1
1639115749119.813965 1
1639115749467.062012 1
1639115750531.407227 1
1639115751612.773926 1
1639115752701.564941 1
1639115753791.080078 1
1639115754885.928955 1
1639115755988.447021 1
1639115757176.379883 1
1639115758198.106689 1
1639115759253.050049 1
1639115760352.991943 1
1639115762315.197998 1
1639115762622.140869 1
1639115763614.933105 1
1639115764704.541016 1
1639115765784.042969 1
1639115766883.560791 1
1639115767989.844971 1
1639115769055.992188 1
1639115770157.165039 1
1639115771247.989014 1
1639115772376.589111 1
1639115773431.027832 1
1639115774543.794922 1
1639115775637.214844 1
1639115776707.360107 1
1639115777918.237061 1
1639115779149.711914 1
1639115779970.315918 1
1639115781136.039062 1
1639115782193.367920 1
1639115783356.683105 1
1639115784346.030029 1
1639115785407.729980 1
1639115786494.566895 1
1639115787597.956299 1
1639115788702.364990 1
1639115789862.922852 1
1639115790862.223145 1
1639115791984.242920 1
1639115793032.623047 1
1639115794125.760010 1
1639115795223.224121 1
1639115796299.259033 1
1639115797639.874023 1
1639115798991.786865 1
1639115799719.783936 1
1639115800771.563965 1
1639115801840.781006 1
1639115802845.382812 1
1639115804476.945801 1
1639115805412.519043 1
1639115806363.344971 1
1639115807392.573730 1
1639115808499.832031 1
1639115809452.772217 1
1639115810567.802246 1
1639115811772.278076 1
1639115812759.004883 1
1639115813814.260986 1
1639115814860.154785 1
1639115815985.616943 1
1639115817576.794922 1
1639115818432.302002 1
1639115819248.658936 1
1639115820431.394043 1
1639115821414.025146 1
1639115822565.654053 1
1639115823825.875000 1
1639115824719.576172 1
1639115826547.927979 1
1639115827289.136230 1
1639115828010.224121 1
1639115829503.845947 1
1639115830181.677979 1
1639115831314.471924 1
1639115832568.755859 1
1639115833485.839111 1
1639115834615.081055 1
1639115835851.839111 1
1639115836946.762207 1
1639115838008.320068 1
1639115840061.251221 1
1639115841106.535889 1
1639115842279.052979 1
1639115843358.971924 1
1639115844442.908936 1
1639115845953.708008 1
1639115846729.176025 1
1639115847953.433105 1
1639115849316.299805 1
1639115849889.785156 1
1639115850981.791016 1
1639115852095.148193 1
1639115853162.799072 1
1639115854218.602783 1
1639115855316.955811 1
1639115856716.445801 1
1639115858458.071045 1
1639115859024.936035 1
1639115859814.399902 1
1639115860795.929199 1
1639115861881.797852 1
1639115863067.936035 1
1639115864068.320068 1
1639115865412.877197 1
1639115866376.657959 1
1639203427412.731934 1
1639203429358.566895 1
1639203429742.967041 1
1639203430145.039795 1
1639203430530.604980 1
1639203431010.894043 1
1639203431336.041016 1
1639203431708.479004 1
1639203432109.781982 1
1639203432489.895752 1
1639203432887.489990 1
1639203433282.876953 1
1639203433669.890137 1
1639203434060.095947 1
1639203434450.736084 1
1639203434842.696045 1
1639203435236.489990 1
1639203435634.166992 1
1639203436027.643799 1
1639203436482.223145 1
1639203436826.053223 1
1639203437205.842041 1
1639203437593.444092 1
1639203437984.816162 1
1639203438374.593018 1
1639203438776.941895 1
1639203439160.785889 1
1639203439555.516846 1
1639203439943.363281 1
1639203440334.830078 1
1639203440724.051025 1
1639203441122.503906 1
1639203441516.840088 1
1639203441900.481934 1
1639203442292.500000 1
1639203442688.213135 1
1639203443097.343018 1
1639203443472.353027 1
1639203443861.078125 1
1639203444253.201904 1
1639203444646.648193 1
1639203445048.361084 1
1639203445434.574219 1
1639203445828.784180 1
1639203446227.463867 1
1639203446614.364014 1
1639203447001.586914 1
1639203447389.804199 1
1639203447784.418945 1
1639203448178.562256 1
1639203448565.456787 1
1639203448959.348877 1
1639203449352.523926 1
1639203449736.031006 1
1639203450130.661865 1
1639203450526.530029 1
1639203450905.499023 1
1639203451299.440918 1
1639203451706.059082 1
1639203452089.763184 1
1639203452469.455078 1
1639203452861.969971 1
1639203453257.254883 1
1639203453642.898926 1
1639203454034.594971 1
1639203454424.628906 1
1639203454812.758057 1
1639203455205.786133 1
1639203455594.208984 1
1639203455982.354980 1
1639203456372.221924 1
1639203456763.229736 1
1639203457158.120850 1
1639203457542.524902 1
1639203457933.207031 1
1639203458326.979248 1
1639203458719.765869 1
1639203459106.483887 1
1639203459512.772949 1
1639203459889.350830 1
1639203460273.996094 1
1639203460665.537109 1
1639203461059.197021 1
1639203461447.589844 1
1639203461833.581055 1
1639203462232.160156 1
1639203462620.000977 1
1639203463001.354980 1
1639203463399.623779 1
1639203463782.935059 1
1639203464179.177979 1
1639203464581.335938 1
1639203464954.411133 1
1639203465343.792236 1
1639203465734.916260 1
1639203466129.028076 1
1639203466513.503174 1
1639203466973.654053 1
1639203467296.148926 1
1639203467686.336914 1
1639203468072.240723 1
1639203468464.521973 1
1639203468851.525146 1
1639203469245.381836 1
1639203469636.157959 1
1639203470025.009033 1
1639203470415.002930 1
1639203470827.670166 1
1639203471193.595947 1
1639203471584.033936 1
1639203471975.399902 1
1639203472361.718018 1
1639203472755.854248 1
1639203473144.985107 1
1639203473535.446045 1
1639203473926.703125 1
1639203474317.510010 1
1639203474708.122070 1
1639203475108.219971 1
1639203475489.466797 1
1639203475877.700928 1
1639203476263.828125 1
1639203476654.902832 1
1639203477044.223145 1
1639203477434.575684 1
1639203477823.383057 1
1639203478220.073975 1
1639203478603.930908 1
1639203478996.840088 1
1639203479385.060059 1
1639203479770.919922 1
1639203480164.331055 1
1639203480549.835938 1
1639203480950.870117 1
1639203481333.450928 1
1639203481722.408936 1
1639203482117.392822 1
1639203482502.629150 1
1639203482894.444824 1
1639203483284.520020 1
1639203483671.615967 1
1639203484059.850098 1
1639203484453.903320 1
1639203484841.677002 1
1639203485231.332031 1
1639203485627.156006 1
1639203486010.210938 1
1639203486404.831055 1
1639203486790.967041 1
1639203487188.010010 1
1639203487576.514893 1
1639203487970.682861 1
1639203488363.751953 1
1639203488743.303955 1
1639203489139.240967 1
1639203489527.779053 1
1639203489912.897949 1
1639203490311.885986 1
1639203490700.622070 1
1639203491099.309082 1
1639203491478.750000 1
1639203491875.894043 1
1639203492258.190186 1
1639203492649.066895 1
1639203493046.856934 1
1639203493457.494141 1
1639203493827.216797 1
1639203494216.349854 1
1639203494605.216064 1
1639203494997.968018 1
1639203495388.388184 1
1639203495775.835938 1
1639203496168.953125 1
1639203496631.212891 1
1639203496943.983154 1
1639203497334.667969 1
1639203497726.455078 1
1639203498115.541016 1
1639203498505.348145 1
1639203498898.033936 1
1639203499283.471924 1
1639203499676.064941 1
1639203500062.397949 1
1639203500452.304932 1
1639203500845.823975 1
1639203501234.892090 1
1639203501630.534912 1
1639203502017.197021 1
1639203502405.722168 1
1639203502797.229980 1
1639203503188.846191 1
1639203503579.020996 1
1639203503963.862061 1
1639203504351.586182 1
1639203504753.643066 1
1639203505147.410889 1
1639203505536.354980 1
1639203505921.806152 1
1639203506312.822021 1
1639203506701.655029 1
1639203507089.034180 1
1639203507482.020996 1
1639203507864.673096 1
1639203508257.354980 1
1639203508651.067871 1
1639203509041.803955 1
1639203509429.295898 1
1639203509859.751953 1
1639203510220.325928 1
1639203510651.029053 1
1639203510989.265869 1
1639203511385.826172 1
1639203511771.605957 1
1639203512159.719971 1
1639203512547.724121 1
1639203512940.191895 1
1639203513334.262207 1
1639203513720.948975 1
1639203514111.617188 1
1639203514515.301270 1
1639203514893.864990 1
1639203515279.835938 1
1639203515671.450928 1
1639203516066.624023 1
1639203516448.023926 1
1639203516840.443848 1
1639203517237.948975 1
1639203517618.869141 1
1639203518011.987061 1
1639203518398.940918 1
1639203518793.270020 1
1639203519189.893066 1
1639203519572.690918 1
1639203519958.202148 1
1639203520351.219971 1
1639203520742.213867 1
1639203521147.045166 1
1639203521529.802979 1
1639203521976.458984 1
1639203522313.096924 1
1639203522689.254883 1
1639203523112.777832 1
1639203523507.646973 1
1639203523961.575928 1
1639203524276.507812 1
1639203524642.695068 1
1639203525032.956787 1
1639203525434.058838 1
1639203525819.885986 1
1639203526206.721924 1
1639203526588.602783 1
1639203526979.882080 1
1639203527454.671875 1
1639203527767.196045 1
1639203528180.403076 1
1639203528539.835938 1
1639203528926.962891 1
1639203529330.251953 1
1639203529712.018066 1
1639203530113.620117 1
1639203530485.655029 1
1639203530873.895020 1
1639203531264.113037 1
1639203531654.583008 1
1639203532080.453857 1
1639203532447.243896 1
1639203532862.213867 1
1639203533227.291748 1
1639203533609.208008 1
1639203533996.628906 1
1639203534386.940918 1
1639203534784.731934 1
1639203535182.205078 1
1639203535560.125977 1
1639203535954.934082 1
1639203536371.131836 1
1639203536744.826904 1
1639203537136.890137 1
1639203537521.735840 1
1639203537907.905029 1
1639203538381.877930 1
1639203538688.411865 1
1639203539085.782959 1
1639203539490.544189 1
1639203539893.689209 1
1639203540276.100098 1
1639203540772.623779 1
1639203541181.147705 1
1639203541450.730957 1
1639203541809.527100 1
1639203542209.392822 1
1639203542596.741211 1
1639203543355.261963 1
1639203543662.258789 1
1639203543828.080078 1
1639203544163.562988 1
1639203544561.297852 1
1639203544924.667725 1
1639203545340.866211 1
1639203545710.891113 1
1639203546106.437256 1
1639203546503.111816 1
1639203547033.715088 1
1639203547263.932861 1
1639203547651.333008 1
1639203548044.698975 1
1639203548559.724121 1
1639203548951.776123 1
1639203549276.573975 1
1639203549821.913086 1
1639203550287.885010 1
1639203550769.063965 1
1639203550991.730957 1
1639203551200.771973 1
1639203551564.117920 1
1639203551963.994873 1
1639203552400.141113 1
1639203552763.663086 1
1639203553320.002930 1
1639203553835.021973 1
1639203554005.453125 1
1639203554286.358154 1
1639203554692.702148 1
1639203555057.055908 1
1639203555621.668945 1
1639203555904.024170 1
1639203556236.380859 1
1639203556620.464111 1
1639203557228.471924 1
1639203557417.551025 1
1639203557947.349121 1
1639203558192.839844 1
1639203558699.285889 1
1639203558965.529297 1
1639203559348.799072 1
1639203559808.895996 1
1639203560147.111816 1
1639203560514.822021 1
1639203560907.854004 1
1639203561309.686035 1
1639203561684.847168 1
1639203562076.614746 1
1639203562478.198975 1
1639203562953.754883 1
1639203563259.327881 1
1639203563648.589111 1
1639203564049.459961 1
1639203564445.648926 1
1639203564820.093750 1
1639203565227.004883 1
1639203565601.516846 1
1639203565994.435059 1
1639203566388.441162 1
1639203566778.677979 1
1639203567165.979004 1
1639203567561.885742 1
1639203567947.789062 1
1639203568336.611084 1
1639203568726.068115 1
1639203569117.416748 1
1639203569510.293945 1
1639203569899.077148 1
1639203570286.541016 1
1639203570675.977051 1
1639203571067.533936 1
1639203571455.268066 1
1639203571846.776123 1
1639203572239.760986 1
1639203572631.218018 1
1639203573018.364990 1
1639203573412.026855 1
1639203573796.784912 1
1639203574194.554199 1
1639203574592.055176 1
1639203574963.416016 1
1639203575355.151855 1
1639203575745.637939 1
1639203576155.796143 1
1639203576528.162109 1
1639203576919.151123 1
1639203577306.778076 1
1639203577697.952881 1
1639203578088.000977 1
1639203578482.138916 1
1639203578874.793945 1
1639203579280.729980 1
1639203579642.526855 1
1639203580032.219971 1
1639203580428.120117 1
1639203580822.747070 1
1639203581208.265137 1
1639203581600.533936 1
1639203581983.230957 1
1639203582374.376953 1
1639203582767.692139 1
1639203583159.779053 1
1639203583551.463867 1
1639203583935.884033 1
1639203584328.187012 1
1639203584727.717773 1
1639203585110.236816 1
1639203585505.612061 1
1639203585887.072998 1
1639203586273.704102 1
1639203586664.619873 1
1639203587054.695801 1
1639203587443.094971 1
1639203587836.245117 1
1639203588228.978027 1
1639203588617.918945 1
1639203589004.636963 1
1639203589395.932861 1
1639203589786.127686 1
1639203590178.647949 1
1639203590566.999023 1
1639203590953.351074 1
1639203591345.924072 1
1639203591784.235840 1
1639203592133.728027 1
1639203592518.418945 1
1639203592906.082031 1
1639203593298.533203 1
1639203593685.808105 1
1639203594078.234863 1
1639203594464.647949 1
1639203594853.754883 1
1639203595249.505127 1
1639203595633.172119 1
1639203596027.530029 1
1639203596416.772217 1
1639203596808.526123 1
1639203597202.716797 1
1639203597607.624023 1
1639203597974.489014 1
1639203598365.594238 1
1639203598754.033691 1
1639203599148.940186 1
1639203599535.090820 1
1639203599926.839111 1
1639203600348.847168 1
1639203600706.069092 1
1639203601097.553955 1
1639203601483.232910 1
1639203601875.906006 1
1639203602266.925049 1
1639203602653.575928 1
1639203603047.185059 1
1639203603464.888184 1
1639203603828.465088 1
1639203604221.025879 1
1639203604606.535889 1
1639203605007.492188 1
1639203605380.487061 1
1639203605777.854980 1
1639203606167.377930 1
1639203606549.594971 1
1639203606945.236084 1
1639203607357.067139 1
1639203607781.957764 1
1639203608150.423096 1
1639203608503.847900 1
1639203608894.970215 1
1639203609304.824951 1
1639203609673.456299 1
1639203610062.729980 1
1639203610454.329102 1
1639203610842.781982 1
1639203611236.902100 1
1639203611626.661865 1
1639203612017.031982 1
1639203612408.773926 1
1639203612792.704102 1
1639203613188.455811 1
1639203613570.809082 1
1639203613964.922852 1
1639203614352.827881 1
1639203614743.920898 1
1639203615136.408936 1
1639203615529.212891 1
1639203615916.393066 1
1639203616305.172852 1
1639203616697.220947 1
1639203617095.527832 1
1639203617467.238037 1
1639203617866.156006 1
1639203618253.446777 1
1639203618642.509033 1
1639203619034.051270 1
1639203619431.121826 1
1639203619822.307129 1
1639203620210.831787 1
1639203620590.094971 1
1639203620983.303955 1
1639203621371.601807 1
1639203621760.624268 1
1639203622156.005859 1
1639203622544.853027 1
1639203622936.989990 1
1639203623324.896973 1
1639203623715.746094 1
1639203624103.359863 1
1639203624489.689209 1
1639203624883.426025 1
1639203625271.380859 1
1639203625659.497070 1
1639203626052.836182 1
1639203626443.669189 1
1639203626832.504883 1
1639203627223.746094 1
1639203627618.109863 1
1639203628004.543945 1
1639203628394.533936 1
1639203628784.313232 1
1639203629179.295898 1
1639203629566.291992 1
1639203629961.946045 1
1639203630342.422119 1
1639203630732.324219 1
1639203631130.792969 1
1639203631514.494873 1
1639203631901.472168 1
1639203632292.831055 1
1639203632679.819092 1
1639203633075.367920 1
1639203633463.304932 1
1639203633859.539062 1
1639203634245.672852 1
1639203634634.524902 1
1639203635027.095947 1
1639203635418.021973 1
1639203635805.458984 1
1639203636196.626953 1
1639203636584.283936 1
1639203636974.937256 1
1639203637362.855957 1
1639203637751.856201 1
1639203638171.506836 1
1639203638530.528076 1
1639203638932.731934 1
1639203639332.525879 1
1639203639703.659912 1
1639203640095.565186 1
1639203640481.989258 1
1639203640888.683105 1
1639203641267.800049 1
1639203641656.733887 1
1639203642049.387939 1
1639203642438.513916 1
1639203642828.677979 1
1639203643215.750977 1
1639203643604.911133 1
1639203643993.928955 1
1639203644384.719727 1
1639203644771.237793 1
1639203645163.958008 1
1639203645550.915039 1
1639203645946.041016 1
1639203646337.627930 1
1639203646726.099121 1
1639203647139.552979 1
1639203647506.239014 1
1639203647896.301025 1
1639203648282.547852 1
1639203648739.062988 1
1639203649067.834961 1
1639203649451.596924 1
1639203649846.562988 1
1639203650236.598877 1
1639203650632.194092 1
1639203651018.671143 1
1639203651414.183838 1
1639203651792.837891 1
1639203652189.243896 1
1639203652572.575195 1
1639203652959.645996 1
1639203653354.090088 1
1639203653745.828125 1
1639203654141.899170 1
1639203654525.541016 1
1639203654914.145020 1
1639203655308.864014 1
1639203655693.082764 1
1639203656085.707031 1
1639203656476.210938 1
1639203656883.426025 1
1639203657268.765869 1
1639203657674.848145 1
1639203658052.986816 1
1639203658464.618896 1
1639203658864.375977 1
1639203659216.176025 1
1639203659603.947021 1
1639203660002.814941 1
1639203660384.704102 1
1639203660774.329102 1
1639203661171.099854 1
1639203661559.276123 1
1639203661947.354736 1
1639203662346.989258 1
1639203662726.630859 1
1639203663122.456055 1
1639203663503.363037 1
1639203663897.485107 1
1639203664294.489990 1
1639203664678.691162 1
1639203665120.129150 1
1639203665482.502930 1
1639203665896.752197 1
1639203666336.611084 1
1639203666644.219971 1
1639203667022.201172 1
1639203667414.617920 1
1639203667799.624023 1
1639203668191.218018 1
1639203668600.970947 1
1639203668969.877930 1
1639203669363.340088 1
1639203669755.409912 1
1639203670142.212158 1
1639203670526.595215 1
1639203670951.152100 1
1639203671350.043945 1
1639203671776.544189 1
1639203672091.604004 1
1639203672488.758057 1
1639203672873.007080 1
1639203673268.020996 1
1639203673646.140869 1
1639203674038.485107 1
1639203674425.581055 1
1639203674821.457031 1
1639203675230.862061 1
1639203675619.587158 1
1639203676016.128174 1
1639203676379.442871 1
1639203676769.623047 1
1639203677179.628174 1
1639203677548.630859 1
1639203677942.619873 1
1639203678330.927246 1
1639203678718.702148 1
1639203679110.712158 1
1639203679493.234863 1
1639203679884.961182 1
1639203680274.930908 1
1639203680662.939697 1
1639203681056.930176 1
1639203681447.460205 1
1639203681838.113037 1
1639203682229.047119 1
1639203682619.339844 1
1639203683003.568115 1
1639203683395.370850 1
1639203683785.186035 1
1639203684177.708984 1
1639203684565.937988 1
1639203684955.574951 1
1639203685347.573975 1
1639203685738.434082 1
1639203686138.141846 1
1639203686522.677002 1
1639203686912.326904 1
1639203687294.962891 1
1639203687687.708740 1
1639203688075.089844 1
1639203688466.939941 1
1639203688852.718994 1
1639203689245.405029 1
1639203689636.431152 1
1639203690026.855957 1
1639203690418.861084 1
1639203690801.531738 1
1639203691201.063965 1
1639203691586.392090 1
1639203691972.596924 1
1639203692366.263184 1
1639203692753.848145 1
1639203693147.674072 1
1639203693535.510010 1
1639203693926.652832 1
1639203694319.197998 1
1639203694702.704834 1
1639203695094.629150 1
1639203695486.614014 1
1639203695872.892822 1
1639203696264.581299 1
1639203696654.827148 1
1639203697047.141846 1
1639203697443.252930 1
1639203697825.865967 1
1639203698269.072998 1
1639203698606.278809 1
1639203698992.137939 1
1639203699381.997070 1
1639203699773.716064 1
1639203700167.044189 1
1639203700553.427979 1
1639203700947.690918 1
1639203701337.319824 1
1639203701742.250977 1
1639203702123.626953 1
1639203702507.988037 1
1639203702894.265137 1
1639203703284.845947 1
1639203703673.426758 1
1639203704066.714844 1
1639203704480.209717 1
1639203704843.741943 1
1639203705237.503906 1
1639203705627.097168 1
1639203706012.313232 1
1639203706410.173828 1
1639203706843.677979 1
1639203707186.721924 1
1639203707573.544922 1
1639203707962.364014 1
1639203708360.998779 1
1639203708747.427002 1
1639203709141.124023 1
1639203709524.762939 1
1639203709921.187256 1
1639203710306.588867 1
1639203710693.738037 1
1639203711085.317139 1
1639203711483.382080 1
1639203711865.758789 1
1639203712256.515137 1
1639203712688.116943 1
1639203713039.756104 1
1639203713431.391846 1
1639203713817.666016 1
1639203714227.030029 1
1639203714627.531982 1
1639203715037.707031 1
1639203715409.005127 1
1639203715820.730225 1
1639203716260.291016 1
1639203716617.893311 1
1639203717003.332031 1
1639203717390.830078 1
1639203717838.668213 1
1639203718184.103027 1
1639203718565.659912 1
1639203718952.686035 1
1639203719338.373779 1
1639203719723.037109 1
1639203720140.726074 1
1639203720543.765137 1
1639203720892.213135 1
1639203721345.069092 1
1639203721816.246094 1
1639203722225.267822 1
1639203722868.912109 1
1639203723625.482178 1
1639203723932.622314 1
1639203724227.493164 1
1639203724563.491211 1
1639203724809.479004 1
1639203725120.063965 1
1639203725330.732178 1
1639203725735.356934 1
1639203726073.983887 1
1639203726404.551025 1
1639203726852.879150 1
1639203727230.445068 1
1639203727568.496826 1
1639203727955.442871 1
1639203728356.385010 1
1639203728788.036133 1
1639203729158.195068 1
1639203729515.499023 1
1639203729929.398926 1
1639203730308.495850 1
1639203730695.750000 1
1639203731057.156006 1
1639203731502.190186 1
1639203731899.243164 1
1639203732373.514893 1
1639203732712.668945 1
1639203733038.038086 1
1639203733488.067139 1
1639203733850.831055 1
1639203734297.502930 1
1639203734782.874756 1
1639203735232.816162 1
1639203735716.421875 1
1639203736151.389893 1
1639203736547.960938 1
1639203736952.696045 1
1639203742112.666016 1
1639203742451.995850 1
1639203742795.677002 1
1639203743183.771729 1
1639203743601.561035 1
1639203743984.083984 1
1639203744389.746826 1
1639203744748.408936 1
1639203745153.416016 1
1639203745559.205078 1
1639203745937.147949 1
1639203746400.404053 1
1639203746868.038818 1
1639203747177.914795 1
1639203747598.470947 1
1639203747936.685059 1
1639203748417.976074 1
1639203748798.803955 1
1639203749135.787109 1
1639203749539.107178 1
1639203749891.478027 1
1639203750352.818115 1
1639203750697.916992 1
1639203751069.243896 1
1639203751566.358154 1
1639203751957.774170 1
1639203752314.312988 1
1639203753059.779053 1
1639203753557.754883 1
1639203753884.139160 1
1639203754285.890137 1
1639203754706.916992 1
1639203755003.127930 1
1639203755402.619873 1
1639203755813.340820 1
1639203756187.889893 1
1639203756705.829102 1
1639203757029.406006 1
1639203757416.212158 1
1639203757795.098877 1
1639203758282.231934 1
1639203758645.210938 1
1639203759013.519775 1
1639203759401.861084 1
1639203759732.815918 1
1639203760141.091064 1
1639203760968.568115 1
1639203761393.445068 1
1639203761717.338135 1
1639203762134.982910 1
1639203762500.996094 1
1639203762958.008057 1
1639203763295.789062 1
1639203763739.215820 1
1639203764058.608887 1
1639203764459.296875 1
1639203764843.493164 1
1639203765263.709961 1
1639203766015.591797 1
1639203766376.419922 1
1639203766682.645020 1
1639203766993.460938 1
1639203767287.431885 1
1639203767614.687988 1
1639203768003.354004 1
1639203768433.080078 1
1639203768850.757080 1
1639203769203.909912 1
1639203769650.314941 1
1639203770146.132080 1
1639203770442.206787 1
1639203770806.070068 1
1639203771242.281982 1
1639203771557.846924 1
1639203771963.952881 1
1639203772363.535889 1
1639203772733.870117 1
1639203773193.201904 1
1639203773627.118164 1
1639203774268.782227 1
1639203774603.526855 1
1639203774856.826172 1
1639203775238.514893 1
1639203775580.519043 1
1639203776001.541016 1
1639203776376.510010 1
1639203776971.208984 1
1639203777451.329834 1
1639203777733.339844 1
1639203777993.820068 1
1639203778313.652100 1
1639203778812.315918 1
1639203779112.622070 1
1639203779844.874023 1
1639203780235.216797 1
1639203781837.506104 1
1639203782196.297852 1
1639203782573.235107 1
1639203783014.440918 1
1639203783389.291992 1
1639203783800.797852 1
1639203784180.795898 1
1639203784537.317871 1
1639203784975.941895 1
1639203785288.965332 1
1639203785622.434082 1
1639203786017.039795 1
1639203786415.904053 1
1639203786799.457031 1
1639203787205.323975 1
1639203787587.674072 1
1639203787985.666992 1
1639203788393.702881 1
1639203788768.089111 1
1639203789169.816895 1
1639203790377.041748 1
1639203790772.880859 1
1639203791205.917725 1
1639203791564.821045 1
1639203792281.029297 1
1639203792789.958008 1
1639203793244.437988 1
1639203793708.473145 1
1639203794134.617188 1
1639203794581.483154 1
1639203794998.677979 1
1639203795429.584961 1
1639203796302.892090 1
1639203797213.292969 1
1639203797664.673096 1
1639203798088.986084 1
1639203798533.778809 1
1639203798949.763916 1
1639203799393.720215 1
1639203799793.666992 1
1639203800197.977051 1
