2.2917853046777115
3.998017340643754
2.9061903465211043
2.9047895080568478
2.3982663289286346
3.6308976168009903
2.959859201643965
2.915691595853539
2.9150006011666107
2.915468658550657
2.914000151455887
2.904833766764434
2.907550209489268
2.637449317356353
3.2358588021092505
2.920800104734501
2.9145023156592766
2.2701277923281302
1.5720449645734573
0.8321013082327025
0.9883885720964715
3.180719894742031
3.875562257679414
3.905994717883577
3.878992348932337
3.485861840557897
2.2987236267437163
4.50051450650832
2.4324930608798327
4.432366399306766
5.1320533087965385
6.4112110104644655
6.40101578619654
5.651154737989472
5.2284038568214255
6.236095066051131
6.113112068513196
6.4423387957662435
4.055014260163388
2.9102737568397576
2.9057272763171293
2.9097609368279382
2.8973591318223577
2.9171699243079177
2.916123380483413
2.9102676988556135
2.919667624736438
2.906605221669756
2.907129019625511
2.9070685717652194
2.9082699405560537
2.896780828209313
2.9173667422038783
2.915069483297251
2.9145853514134785
2.9145529466537883
2.9079654730127915
2.9071531994735067
2.9065468097520952
2.9087862696375653
2.8984603477347486
2.9156611933046146
2.9153308598143055
2.9143808084492853
2.905592409707328
2.9069235071562383
2.9083445549113067
2.9060473830147813
2.909226100678007
2.9148223331204477
2.915136342596132
2.9150532754442287
2.9160970237664845
2.9148831038683687
2.9072297716458206
2.9072156659425725
2.906994022866141
2.908042087980964
2.8988690115808127
2.9150937954147245
2.915774699389011
2.915343018002363
2.9149155159700633
2.906568965720356
2.907137079530151
2.9068993311289444
2.9083707716747713
2.9157240259379136
2.9153409916306448
2.9150127566001767
2.9155010836759065
2.9059044335733035
2.9071713346234676
2.907274104747164
2.906742196752918
2.908211461710631
2.9158882143112876
2.914976290603601
2.915928757496988
2.906615292927333
2.9063595046104105
2.9067905439822916
2.907010141223046
2.906742196752918
2.9081348378177116
2.9157260528421403
2.9154950039099834
2.9153916517687097
2.915647005665427
2.9136337618023487
2.9065991789487104
2.9082094452406655
2.9066233499836454
2.894651700777924
2.9121893438536706
2.914832461402465
2.916352501248086
2.9146764936634355
2.9068932871849533
2.907274104747164
2.906782485999042
2.900831801988662
2.911843624364686
2.9174925572465984
2.907578427525854
2.9148223331204477
2.9154605523820383
2.9068852286320612
2.9065065270388075
2.907417188979511
2.9024698269508766
2.9115464925141055
2.915604443576299
2.914670417336098
2.916437670356567
2.91516268194989
2.9068429219623995
2.9067562978620187
2.907348668012333
2.9067059373863025
2.9078324145045533
2.853466022812467
2.9535043387453515
2.9151788910195506
2.9159632200912964
2.9150006011666107
2.9064602032988773
2.906901345782526
2.9074252504821096
2.908651118924279
2.8992497335289067
2.9157422681774037
2.9151707864621885
2.915409889849423
2.9130752455168007
2.907247907751129
2.90637561593166
2.907568349592769
2.908794338734163
2.91575037591267
2.915349097134421
2.9154605523820383
2.9052100202394096
2.9081267723796516
2.906081612432749
2.889478898137062
2.925404114519108
2.9086269141524888
2.8986526457790824
2.591162268888043
2.5308635568787556
3.7327960300310776
3.0719602505143366
2.493280697259552
2.358638971631465
3.621733315027377
3.6428273030701233
2.899123483064443
2.907771937389684
2.915721999036505
2.90694163944061
2.913649953874026
2.905777602886446
2.9081429033005097
2.9072640289235863
2.9089799403126686
2.8983501884758507
2.915612550545091
2.9066978798721257
2.9132087842784253
2.90880039058599
2.9063111717183894
2.907094765529373
2.9072297716458206
2.9072640289235863
2.9159855198511107
2.890625926084182
2.9185827320658295
2.91170010413051
2.8994321147245774
2.9135224461811937
2.9016305096025663
2.9117506378104445
2.9085240483664836
2.900173901018168
2.9154605523820383
2.914779795104581
2.9074071121641283
2.9060977206731624
2.9059628196743117
2.9063011025682246
2.8610980936262984
1.9777306878740983
1.5837692410806157
3.6384127468805953
3.8159939880160634
1.671249186151871
0.9500918536774317
1.1399231735509159
4.127898496880681
5.682599553445622
6.013330446838069
5.889867185678859
5.915443774213975
6.607107245080078
6.120891244578574
5.892962115805032
6.278409465131457
5.845996883476011
4.101687887500244
2.893048427113776
2.3546969824561406
3.6945464026587533
2.9997861537790347
2.9144759882373217
2.909226100678007
2.906123896944703
2.796547574200818
2.360456164204707
3.8938975888178784
2.9502427056421237
2.907788064374344
2.9164295587985793
2.9071814098045454
2.814808551190033
2.971055207753368
2.1624705027714635
2.692064633109225
4.188410905855461
3.2569605302699105
2.979641303899964
2.9166769816180613
2.906095707133345
2.9065206258614467
2.8350446686570474
1.8685307258363786
3.9336154377119534
3.7717747098983474
3.1876867234186794
2.916498508479762
2.9164194194145474
2.732315661861032
2.1393812464231465
0.9994793266466324
2.6281615230953164
4.277200421366504
4.117176924670154
4.416828222687204
3.9681736560370715
3.7486729998024804
4.252421849415968
2.258727837099043
4.530298087994176
1.8890776528492648
3.7489108925050454
4.123929149071102
4.740194250246938
3.8504651619666976
2.8673433671683584
2.893226037422967
2.987287498815926
1.6845108525400776
2.1598703141832534
2.437229615830036
2.794715877819667
2.4284819324544187
2.327243027238533
2.429672058595225
2.139980499731374
2.394963290169257
1.2365159075646057
0.980854839328259
1.3128513320844308
1.2845327919535396
3.7738312678038324
4.666372953464259
3.240073263299058
2.606242349300641
2.2327562160240015
2.9617862640699366
2.825784866505827
3.437759667690926
1.1409225569937103
1.8923410857749488
4.428837519692855
5.06214252869124
4.616720032845241
4.1229440837976306
4.520001767349934
5.1199625002746565
3.7388220087803354
4.280251449097886
4.518141814558479
3.572040292828163
2.1298256553791717
1.4581209958029044
3.0566562720678743
4.065236796934138
4.320661752965475
3.0615603482947673
4.126192933250828
4.89145352173122
3.906187515075543
4.248665677341585
4.180916704711514
4.157052651192663
4.871987752380643
5.50740044329128
3.771876466959354
3.7825472536134055
4.742354158304455
4.794778026098438
3.7664807509426743
4.241675026698165
4.435736713583644
3.5246518671149616
5.007813246222324
5.006581852993347
4.6698850984234435
4.534696454673621
4.771264373046244
3.9508971296373048
3.099977753322035
2.90766308492201
2.9018794430511115
2.9112069875009023
2.90508526229758
2.9030202649904107
2.9211072659540163
2.8862359096317185
2.9291325605285743
2.907104840179737
2.901989870755265
2.9020742030253004
2.915691595853539
2.9065548664287446
2.9083969889108934
2.9133099581580657
2.9096337692842917
2.9104029998431797
2.521782315133806
2.8563867351768426
3.497789230525464
2.128220831813225
3.4724135333179347
2.4559762734988686
2.8850288585152053
3.912790464453933
3.4296161953807385
2.9153085700662467
2.9000977000725316
2.9127009975659806
2.9065125693746183
2.9044696783986548
2.911453524935757
2.6597436329946644
2.627015841122783
3.670967239385906
2.474708354868934
2.0651819508104783
4.149649620434504
2.827177220292188
2.63219581012914
1.514963058746616
1.8768308289854034
2.7531742244376716
2.0309225985984067
2.1070509252468095
2.797258165414416
2.357172923812184
1.9904376699805004
2.0932940590491724
4.406086976618127
4.412576509625116
4.0626104206056475
2.0846928332818906
2.498288433119638
2.7624073748428395
3.6748622245586366
3.1546533028571084
2.5375348250504417
4.241104589141173
2.6456259820244195
4.207621120847482
4.471029424148845
4.587217530344093
5.069895176575252
2.742206786894849
2.625299189809019
3.5918901444273645
3.4513322542873155
2.2858450828190917
5.143507436330102
4.218284949940411
5.023660035213377
5.061733222306699
3.7491622204086594
2.909724602109779
2.906156114541645
2.905212032552086
2.9175696750561
2.9150006011666107
2.9168291066484837
2.906631407084626
2.9051174568696823
2.908320355241462
2.90809451107478
2.9049162525002354
2.8873624747184783
2.671655433660291
3.2345487075081745
2.911599042032557
2.9193506064138925
2.9149783164683645
2.906967830917389
2.907052452760356
2.9067583123173444
2.9086773412149958
2.9169143035971974
2.914739283862799
2.8699822572136093
2.9528763817284127
2.906572994114512
2.9068066600828177
2.9016445611597987
2.9074252504821096
2.9144759882373217
2.915215362085347
2.892723197351633
2.9016485759154333
2.941756874473096
2.9077618581151112
2.9014940158429186
2.911140308319747
2.905912486689128
2.9103787659056564
2.9155558027102835
2.914795999916607
2.914518517386129
2.9169325607337284
2.9071028252440776
2.905827931199083
2.9022187840349405
2.911140308319747
2.901327430567565
2.922849746168132
2.87348012550868
2.956114675404216
2.7279919558037498
3.110403151409443
2.906595150481972
2.90978516047752
2.9063695741652587
2.8420564047000982
2.642665559440229
2.38043035333832
3.3042432893823626
2.048966455857597
4.180041697727354
2.907272089576861
4.432642769048996
2.9064098530824145
2.9054233408976926
2.9161335178090955
2.918686310585838
2.915843618109177
2.8955629438989097
2.931831129260336
2.9092442616992527
2.9084211898560732
2.896148760387644
2.9150006011666107
2.9177137745203408
2.917228763988677
2.900426595966113
2.850927163886523
2.937726669739126
2.935902703648613
2.9085482514262573
2.905407240132445
2.8949773643534984
2.9146440868770607
2.9017810690842274
2.881429591112595
2.564851363755052
3.406054444197215
2.9061077884141033
2.906029261884653
2.909127227984414
2.9078203188803275
2.915553776042753
2.9155193231258165
2.9150512494752734
2.9086349823649913
2.899821003995434
2.910477723691195
2.909082838348837
2.906631407084626
2.9085664039854318
2.906123896944703
2.924514777699995
2.9071955151753754
2.9032392929179665
2.7032365592368066
2.041494729197878
2.317552391177142
4.68024441736631
4.100829688089684
3.1875655953301063
2.8718451534449714
2.9601558309572877
2.9157483489746263
2.90955707042574
2.91129185633115
2.9075663340145352
2.8925456487722054
2.9218398315292013
2.9162004259262995
2.9139211978307658
2.916208536209746
2.9084151395820204
2.9031950827842072
2.925518380465594
2.852123297452043
2.9645684123179703
2.907703399700516
2.9171678953957434
2.9152923595544666
2.8976693897994785
2.9268923108700977
2.9110554483248765
2.9086854097072594
2.895455003582814
2.83535322398343
2.991610687992057
2.913615545936829
2.9103282798319987
2.9127859535279725
2.9052784404343335
2.9115727670362213
2.9076610692124305
2.903321688123894
2.9095389054988656
2.905558191812517
2.916983276201047
2.9056266284080965
2.9172389090011235
2.917374858975946
2.913896905268394
2.902538118137334
2.911411085189044
2.9011749114285834
2.913293769865084
2.915016808433893
2.9080824132699896
2.906971860417246
2.9153227544119384
2.903102647764413
2.9067220525486723
2.909351214534881
2.9073144087398877
2.90361714352964
2.8997428168468793
2.933161766762707
2.9213208929651
2.9153247807583047
2.896492763091109
2.9143646082534325
2.908009828554947
2.905719224227813
2.8917938026055974
2.9324399152073113
2.906985963754716
2.9169487894914
2.9066797506285567
2.903794043568985
2.915884160054726
2.908219527618456
2.907433312029413
2.8977014202129387
2.9267146276280256
2.9153572026832686
2.916498508479762
2.9043510173839886
2.576356973411515
3.346853834319602
2.9063514490167695
2.9023352625475036
2.9109887760852606
2.9183532607485585
2.9143301834352418
2.9159105129239027
2.9083889220186667
2.921858150376317
2.9076610692124305
2.8927052420102912
2.9209282502372993
2.90889318880081
2.914561047776158
2.9078465261933335
2.8777306957648143
2.952884697294934
2.907441373621422
2.9065024988288903
2.8940624959031354
2.9146785191115114
2.91416009627009
2.915375440332971
2.909724602109779
2.9151869956219763
2.919844453324163
2.9166242486447094
2.9056950682276197
2.9054897584406536
2.908483710828636
2.90939359424878
2.9143322084020347
2.9126140239769787
2.912571550390988
2.876438029048958
2.9609290176838092
2.9020079415433773
2.9075522250451455
2.9123713344554245
2.9078888620814927
2.9124623382863826
2.9175027040938764
2.9058359838908916
2.9169548753220833
2.905785655299314
2.907332545901194
2.9072297716458206
2.9060735583795068
2.90929471017021
2.9125877306586316
2.9094884485587147
2.9074917595843575
2.9155031102701825
2.841473014737464
2.973243457247305
2.9071894699996883
2.9082679240049925
2.9073224696725304
2.91575037591267
2.9146542139203913
2.910776657457509
2.8851975467280075
2.9411256528348884
2.907771937389684
2.9077296049060393
2.906419922986147
2.9077800008596535
2.915647005665427
2.9086934782442864
2.9143200586434874
2.9098376464352564
2.8631390399008283
2.9565689368472174
2.9046909366914684
2.9050591047331578
2.9108291791903986
2.918251736282637
2.914941851333451
2.9092442616992527
2.913168316694148
2.9063433934677843
2.9072559683150088
2.866265664571451
2.9480757362977834
2.9060876530019772
2.9183004671447117
2.9020842429077414
2.9155436427473638
2.9107160578131515
2.907636880915458
2.8854694739593905
2.9281060352729527
2.906242702873119
2.907594552364104
2.914459786983301
2.917178039984838
2.908939590128632
2.9128790062204972
2.9033980585884582
2.907332545901194
2.9081106416377427
2.908253808225865
2.5328702755942363
3.3936392889247053
2.915138368683369
2.920824512534819
2.7691846550489063
1.5519973950239037
1.8554622681448536
2.9638603426211656
3.3113780302755176
3.260728176511243
1.6703826069779815
3.5871071914832475
1.7546349711807243
3.3943753272534662
3.2906206065474994
2.4698193346810164
1.8590026114567249
1.9610997259615541
2.128365544898712
3.1307341315604242
2.952928354787565
2.6621931860664536
1.7833478675145955
1.8501120837880352
2.692785347789688
4.005175602857467
4.253163530092956
3.859038456938129
4.078205641789536
4.2216731067510676
2.319550502145733
4.006135801407872
4.018645008052996
2.2275931734581915
2.785082759568629
3.3076881219702425
2.8548022406599465
4.025958543503405
3.538105690083056
3.0836684024829304
3.5876195893439853
4.369066666666667
3.1031519790593114
4.354266695596115
2.9421097340017717
3.8099002993924946
3.7474103286653433
3.1441606359229923
4.391109119632824
4.882911746079052
4.929771711931322
5.015526197468742
3.0447253267361805
2.905507872843021
2.8981459152854714
2.927572608170644
2.915359229077523
2.914656239337502
2.906468259495403
2.9055320257308677
2.908463542479282
2.9079594246346074
2.90315087399688
2.9061742372538437
2.9195985251318564
2.8678786005712094
2.9288748391295574
2.941963214798251
2.9153227544119384
2.906605221669756
2.9088104770616625
2.8981399076863545
2.9166506148930327
2.9145104165001867
2.9156733542481006
2.9012652168770288
2.9120478113318633
2.907679210699262
2.9072297716458206
2.8934695386788967
2.9176955076032667
2.849927601865297
2.9578720661432114
2.903279485117099
2.9084292569273016
2.911920443823934
2.9073567291349542
2.8941623442533926
2.9107907977376035
2.914482063754017
2.9087600453827993
2.914814230545512
2.9076449436364
2.9070423784730886
2.9142613362385825
2.9067905439822916
2.906629392805193
2.9072902262101565
2.903725693271377
2.911455545906939
2.912808204717935
2.908804425167865
2.9175798224398077
2.915563909408581
2.904318839796948
2.9080158771428075
2.9073728515143027
2.9059869801265403
2.9028514953723152
2.9194359507281704
2.9099103224257763
2.907340606934413
2.903804095354735
2.904823707848827
2.9007214623998583
2.908963800104726
2.9145691489435626
2.9085502683660875
2.9151788910195506
2.91607066752599
2.9004847621484435
2.9129963420029323
2.9067240669565324
2.9052885024995168
2.9062930472983273
2.907898942236563
2.9090223092106813
2.9159713290554024
2.906436034977261
2.9043590618921558
2.9068348636887515
2.9084978288396117
2.9062507578639427
2.9041318216878746
2.910598905655271
2.907219696129533
2.887676559604099
2.9215162364348104
2.909452120645416
2.909946661782418
2.9064964565349505
2.853596093700568
2.410062459418616
3.0326393618759644
3.556996870680224
2.9181806733593034
2.902757073313872
2.9116819124351183
2.9061500736878063
2.8949833588483855
2.9118597965455932
2.914109478923567
2.906299088746564
2.9076953366553804
2.91365197789564
2.9180974326221594
2.9137349652030506
2.902437691033889
2.884052838839614
2.307450754295761
3.4984135669221197
3.202428599569681
2.9318639193677027
2.851562908981636
2.9574778786957863
2.915815239418075
2.912015462972734
2.9083304383882886
2.895914805240715
2.9186964657384205
2.9029177953819683
2.9130226426992887
2.897409168937659
2.9089052933523085
2.8805153509901484
2.949937685852297
2.9037779608565315
2.9088528410233647
2.905314664195181
2.9049665509797147
2.9133119817073383
2.8982400375900883
2.9151120297689626
2.915835509855352
2.902001917922334
2.919665592348441
2.9064602032988773
2.9042424208852102
2.9102333707551766
2.9024537589034307
2.899013273394323
2.8800109863700345
2.873562808899315
1.9241197583693601
3.535382875118322
3.900977777943123
3.1607343766366767
2.994361527599102
2.87938819151967
2.3982183341195307
3.274620330842283
3.2776988064695867
2.5455214147557927
3.398883652181805
2.9060715448731718
2.9068147182000956
2.901285285517936
2.819205504109867
2.4394707302178147
3.752147219506173
2.8582144882027127
2.954652818234395
2.90941175736127
2.906983948983842
2.904753297390136
2.5437398756605267
3.3466295165053315
2.9349433066590533
2.9044696783986548
2.917236879992989
2.870320071554343
2.235345531444992
4.248790489233936
2.87432293151466
2.9407812768403967
2.906647521420592
2.9150188343549757
2.899642583080422
2.926159251337048
2.9060332887829285
2.903237283337221
2.675984935437132
1.8009095780492161
3.2842974352388814
4.361778861152824
3.714603782173851
3.0110944398578554
2.911215070033455
1.622031421970629
2.59940194538181
2.510449873050113
2.6393928200377945
3.130958486081532
4.038036043165537
4.172909493029239
4.317250664421392
3.609052782658528
2.893182131721988
2.921406352518677
2.1243242312418142
3.0226734524154413
4.2027052077102125
2.9891588486657374
2.898468359643861
2.91562268431948
2.895536957531751
2.9349535752546907
2.169842819370315
2.9509235214615934
3.301811219991435
3.6701545483341995
2.9090162564354025
2.898887043522314
2.90508526229758
2.923359040393656
2.917068482156332
2.8666437479368017
2.955431462423856
2.907340606934413
2.906994022866141
2.906065504370907
2.9018312590502693
2.768294566378153
3.0734999820469024
2.919590395981643
2.90653875312011
2.905521961978798
2.4707024438977956
3.5305737818761864
2.9098275528347948
2.8867543779956337
2.9272130122425963
2.9137187721864923
2.916504592431684
2.0144159097545606
3.35597210120315
3.9525837413007525
3.051450388788006
2.8905741308920296
2.912759657105396
2.917610265014448
2.8889972586133266
2.6617471701154547
3.1570135341311354
2.989233410565041
2.909811403219708
2.905320701576476
2.8857434378863633
2.8549304901357524
3.001226449521656
1.8244647602377286
3.3781280051803875
4.259634006761704
3.4005839110690954
2.90802595817849
2.654202816010125
3.20823402347945
2.9046124867123955
2.9138139087362926
2.8813959399580944
2.2805330862663027
2.1284940752581765
3.195090551475013
2.708461164424739
4.241164627974491
3.980733658488437
3.0048235600065047
2.9816026978918453
2.8128453348981473
2.116209524876273
3.733430653035974
3.6029670353269623
2.899746826341675
2.9142127401758406
2.910962512102105
2.9157665915184734
2.9058359838908916
2.910360590717358
2.9011187242089593
1.8956663615922624
1.9215651420178361
2.784439338607496
1.6460819300069505
3.049540166454727
4.176428884374875
2.1664054841105624
2.7034177644342634
1.498857534518753
3.4067931112065946
3.27775515833911
4.094768370451075
1.2019605955148398
0.6337899493699883
0.6023304506667663
0.8606731847914435
0.7409158709847001
0.9502767588078312
0.611874553509103
0.6816856340533367
0.5636142551014882
0.5858031933317691
0.840384080183741
0.8065399999653871
1.5016119498739977
1.8724387528336774
2.8452336293907474
2.8623750531452794
3.3726165635415537
4.107415727696313
3.7891423734356464
3.9733161048788483
3.8955684387091503
3.147315033605696
4.6656099169839695
4.527613308966162
3.91708046430009
4.724044137440123
4.273835810599445
4.573437385849541
4.890358507021365
4.592229905797133
3.5872360442342397
3.0188227300731834
4.706487502454625
4.28877279843104
2.598023687749354
4.491939940454516
4.153718021214711
3.9951117245268173
4.089095657819951
4.095744015999
4.716315198837761
3.3352582172690877
3.2896579364500464
3.1799024112133094
3.213307060795592
2.5880061949687474
1.8886344775539408
2.325062792655906
5.799453557957148
5.404292712593383
6.680157674696397
6.163181699292623
6.862992270284775
6.7416282247046535
6.711187061180341
6.850449232116054
6.448866379456145
6.663061608995275
5.55207506009679
4.775773530423139
4.8827923729652145
4.0104298039200685
4.435197306505542
5.285720766815036
6.324676362594528
6.670850622901594
7.0547163432508215
6.377724287575895
6.8656322586031076
4.976311437093495
4.543617297859433
3.861468577436443
5.614286077606458
6.137416062944195
5.714707697673816
5.955931572811453
6.85743808071048
6.720973236633539
7.1555860365293995
5.130992299176091
5.048281373745544
4.422924992882074
4.6959119194072425
6.623268505593209
6.602738820314308
6.893594221239738
6.6467795406859915
6.756158063954949
6.898549008384896
6.492961823718182
6.262837961932948
6.423346575229181
6.732246471605109
7.0963847267903795
5.90663850161949
6.892948469330739
6.6532638127703585
7.173809454580284
6.793165217109632
6.73436509045135
6.39235289814431
6.754885019060151
6.887899917561394
6.4201413124670905
6.6027907913959
6.769799906708137
6.8652614142657455
6.999606154667735
6.84679249225425
4.872604679638426
6.164920996545895
6.365982557804214
6.04913084299504
5.176440387624835
2.9171719532229146
2.9068247909095195
2.8730038043649504
2.941072032109635
2.9076005992245575
2.900292220948356
2.9159470022983838
2.915417995736319
2.8788921255583713
2.9492884320190473
2.9085482514262573
2.9047653675120624
2.9087862696375653
2.909185743664795
2.8994321147245774
2.9153227544119384
2.9149499546179216
2.914848666800098
2.9138624914983766
2.898887043522314
2.9152315717408452
2.906748240068637
2.9093592867661493
2.899187608910381
2.9155618827297802
2.9152923595544666
2.902327229246474
2.927717697447821
2.9060473830147813
2.908009828554947
2.9070423784730886
2.9050067910174335
2.8599119723711888
2.958833990686768
2.915553776042753
2.9157645645578842
2.9144132093813124
2.906629392805193
2.895486985059707
2.918184734004546
2.9087338216008805
2.8986165879521937
2.9154017840076016
2.9138220057508035
2.9168899611039985
2.9146035794074625
2.8931402229777596
2.9205601164240007
2.906216524461308
2.9097326764131717
2.8976593804404898
2.9163869738594133
2.903026292839721
2.9272293555955997
2.915316675389741
2.906766370166569
2.9069255218433314
2.9065810509363237
2.877787955196487
2.8156815516409184
3.0303212456795405
2.9221920007134257
2.916028093066975
2.9149681871727067
2.9055843583654535
2.9078465261933335
2.907340606934413
2.9082719571099114
2.8947156289511318
2.9198546165375427
2.913617569910639
2.9165654333469857
2.9143362583440626
2.907517960975258
2.9068066600828177
2.9064017972096683
2.9063615185157983
2.9177909040252716
2.914702824707995
2.915721999036505
2.915632818164313
2.913692458918455
2.9069073897600277
2.9080824132699896
2.9071894699996883
2.9071814098045454
2.9002079922113553
2.9154017840076016
2.915468658550657
2.9146967482708708
2.914951980446079
2.9068429219623995
2.8916263357462944
2.922369135218406
2.9080501529493006
2.9162450330435146
2.91516268194989
2.91581726644912
2.915359229077523
2.912735383905977
2.9073567291349542
2.9086450676935645
2.9060977206731624
2.9087338216008805
2.915069483297251
2.9150006011666107
2.916370751352565
2.9150512494752734
2.912972064858588
2.908990028033585
2.9063433934677843
2.9071894699996883
2.906391727431536
2.900416567549775
2.9035086019034115
2.9272620428491067
2.9154950039099834
2.914399033884903
2.907120959765562
2.907534085142843
2.890598036134681
2.923727880193005
2.899029303371035
2.9156551128709127
2.91507758729135
2.915683488445165
2.905777602886446
2.914692697326863
2.908590607750132
2.884270997298169
2.9300656457588032
2.8982961133584215
2.9131238036499614
2.9092099577383608
2.9230269604256134
2.2702101172369744
3.46337298500635
3.3086535450276373
2.91129185633115
2.9096337692842917
2.840651284194215
2.9758993744962483
2.9155436427473638
2.9156388985050268
2.874092489185246
1.9204398468338162
3.2543803702307077
3.2208602006863605
3.500442739694931
3.4249980606149686
2.9160463391114697
2.9000375442597037
2.928660105938032
2.912947788118896
2.9091352989727906
2.9077618581151112
2.897106971064185
2.9139981269505144
2.8815048141825166
2.9391450468764564
2.9148810781359455
2.9120296152914213
2.916334251372017
2.908439340829268
2.907374866824294
2.903448304506318
2.2394272948995586
2.0502845455727523
3.635820202044719
3.674498428770797
2.9246024634886987
4.217059251722294
2.906808674607949
2.9009240924548934
2.908582539783807
2.912389534766647
2.897893617565186
2.9075421472937
2.7115411220596393
3.1622547338025355
2.9151707864621885
2.9062004149038336
2.906089666530634
2.9073144087398877
2.90962569552981
2.899037318425869
2.9100900092069852
2.919706240645992
2.915884160054726
2.913811884489696
2.907340606934413
2.9071189448075576
2.907578427525854
2.9091413522434624
2.889562504822478
2.9192307264000714
2.9066898224026203
2.927693174306573
2.9069779046879765
2.9122237181138435
2.910437331945529
2.907070586653396
2.9000956948385634
2.8990894173625867
2.9223609906322614
2.9160220111028843
2.9030363393108662
2.9259122582931463
2.905513911027337
2.9091231925070193
2.904942407492186
2.9043771621984695
2.9047392157080014
2.9167540563169503
2.9139050027441797
2.9155801229404212
2.9145266183171046
2.908568420950438
2.9063514490167695
2.9023432958930044
2.913016573265669
2.8976093346827816
2.914561047776158
2.9170786260540087
2.9121246415652404
2.915008704777724
2.9099628128989288
2.905779615985479
2.90772758910423
2.907568349592769
2.8988690115808127
2.911514155291713
2.917297751464803
2.9141783189453023
2.916735801414869
2.908253808225865
2.9035086019034115
2.843671120795736
2.977361201420852
2.8983842368072263
2.73567851519646
2.9311509000021663
2.9785748474247917
3.0342386920586693
2.7369906117716
2.7776700520791944
2.810875436444909
2.344637909946492
3.4515481054480968
1.639422077201255
1.9828796379072255
1.645886856423065
2.6712913044115147
2.8164340512682773
2.939064724810243
2.5290765439423843
1.779901471728395
3.736573719376392
2.628370684949877
4.258289051284603
3.489939899835833
3.442875717418999
2.532633216271442
2.6967345130638125
2.644678459034731
4.383463604944155
3.8037846455771738
3.2889305006982785
4.131098197577071
4.580689762125006
4.369826834459745
4.487604879729351
4.8793047087577985
4.010955215202656
2.9105888067728394
2.899323885752522
2.9157159183491874
2.9028675678238307
2.9246697607997145
2.916735801414869
2.907129019625511
2.9082699405560537
2.9005088315959666
2.9084050558478696
2.8993078525179086
2.9223100879973805
2.9127697710578895
2.9175006747187746
2.9133119817073383
2.9059144999750584
2.888104063365671
2.922925110525113
2.9114353363213756
2.901004349807824
2.888253222365607
2.9412803389590416
2.9171719532229146
2.912207541890326
2.89201113971042
2.9148891810825313
2.9143220835962103
2.909082838348837
2.8989050756881465
2.9138726131110597
2.9170076202517734
2.9159105129239027
2.9158598347521107
2.8963347517025264
2.917052252066791
2.9061037613093563
2.9072902262101565
2.8985584966735334
2.9174844398195936
2.914399033884903
2.916549208854708
2.9102252936727657
2.909581290681066
2.895201175667439
2.9199216955203267
2.9075260230366955
2.896050774571838
2.9149742647416534
2.920271369211403
2.882334507990786
2.945125903081906
2.9081610508003797
2.9087277700260477
2.906750254512794
2.9073224696725304
2.8985444749895994
2.9167885384221135
2.8902474655317834
2.9396641568492226
2.915774699389011
2.905777602886446
2.9083304383882886
2.902329237567562
2.9102777955098653
2.8889097050412436
2.9274254900674364
2.9117243600779736
2.9184223014204185
2.9109786744971915
2.911995245613231
2.906276936892491
2.905878261255132
2.909583309053878
2.899257749802652
2.9150350418250106
2.9152802017889377
2.9143382833192977
2.9152376504081317
2.9042343770231747
2.9086934782442864
2.90831228877434
2.893611267294697
2.9093451603908256
2.9182009766985253
2.914372708328846
2.9174580584937853
2.914763590472736
2.9033900194029862
2.90978516047752
2.9049524672298848
2.9109524106963156
2.8970049184732494
2.913649953874026
2.9180730703779307
2.9166242486447094
2.9132269950581526
2.7785643402348557
3.0443407962907316
2.9091574944217444
2.896502764392034
2.9450742043118265
