1639105806469.019043 2
1639105808579.294922 2
1639105809128.143799 2
1639105809666.414062 2
1639105810756.865967 2
1639105811333.023926 2
1639105811857.061768 2
1639105812513.555908 2
1639105813007.034180 2
1639105813499.722900 2
1639105816180.496826 2
1639105816798.834961 2
1639105817277.333008 2
1639105817824.700928 2
1639105818360.384033 2
1639105819051.385254 2
1639105819455.418213 2
1639105820150.686035 2
1639105820638.708984 2
1639105821697.535889 2
1639105821697.743164 3
1639105828144.140869 2
1639105828819.817139 2
1639105829187.016113 2
1639105829187.345947 3
1639105830356.675049 3
1639105831815.693115 2
1639105832199.883057 2
1639105833527.419922 2
1639105834779.193115 2
1639105836027.874023 2
1639105837482.347900 2
1639105839784.459229 2
1639105840827.063965 2
1639105842034.853271 2
1639105843124.639893 2
1639105844578.865967 2
1639105845827.539062 2
1639105846883.098145 2
1639105847922.604980 2
1639105848931.025879 2
1639105850083.225098 2
1639105852125.455811 2
1639105853175.303955 2
1639105855526.181885 2
1639105856676.662842 2
1639105857727.001221 2
1639105858727.067871 2
1639105859888.452148 2
1639105859922.539062 3
1639105861024.834229 2
1639105862225.703857 2
1639105863378.108887 2
1639105864572.556885 2
1639105865683.383057 2
1639105866735.682861 2
1639105867935.734131 2
1639105869030.555908 2
1639105871326.821777 2
1639105872482.121826 2
1639105873437.458984 2
1639105874823.405029 2
1639105874823.773926 3
1639105875534.398926 2
1639105875906.789062 2
1639105876277.180908 2
1639105877375.740967 2
1639105878977.156250 2
1639105880078.581055 2
1639105880078.946045 3
1639105881335.652100 2
1639105883380.236084 2
1639105884735.874023 2
1639105885884.902100 2
1639105887076.657959 2
1639105888328.046143 2
1639105889427.781738 2
1639105890627.499023 2
1639105891724.654297 2
1639105891725.024902 3
1639105892684.587891 2
1639105896230.277100 2
1639105896230.546875 3
1639105897933.105957 2
1639105899233.135010 2
1639105900676.872070 2
1639105901978.460938 2
1639105903638.135010 2
1639105905131.406982 2
1639105906384.719238 2
1639105907525.893311 2
1639105908724.864990 2
1639105908725.130127 3
1639105910030.753174 2
1639105911223.277100 2
1639105912331.756104 2
1639105913574.444092 2
1639105914830.845947 2
1639105916274.572998 2
1639105917484.413818 2
1639105918730.852051 2
1639105919822.508057 2
1639105921626.813965 2
1639105924482.961914 2
1639105927632.058838 2
1639105929277.089111 2
1639105930431.126221 2
1639105931672.922119 2
1639105932926.263184 2
1639105934434.567871 2
1639105935636.679932 2
1639105936823.328857 2
1639105937834.599121 2
1639105939079.526855 2
1639105941230.958008 2
1639105942382.103027 2
1639105943336.442871 2
1639105944528.637939 2
1639105945884.479004 2
1639105947027.389893 2
1639105948225.639893 2
1639105949326.678955 2
1639105951636.646973 2
1639105952730.431152 2
1639105953776.354980 2
1639105955032.896973 2
1639105956480.737061 2
1639105957878.008057 2
1639105958930.590820 2
1639105959923.604980 2
1639105959933.629150 3
1639105961029.347168 2
1639105962036.644043 2
1639105963083.276123 2
1639105964332.165039 2
1639105965531.432861 2
1639105966573.895020 2
1639105966574.277832 3
1639105967633.078125 2
1639105968837.312012 2
1639105969929.725830 2
1639105969930.089844 3
1639105971629.298828 2
1639105972685.243896 2
1639105973975.488037 2
1639105973976.358887 3
1639105975379.249756 2
1639105976725.052734 2
1639105977925.320801 3
1639105989176.820068 2
1639105990177.689941 2
1639105991233.717041 2
1639105992229.402832 2
1639105992229.577148 3
1639105993228.378662 2
1639105994286.544922 2
1639105995438.430908 2
1639105996639.216797 2
1639105998986.687012 3
1639106001127.691895 2
1639106002275.322998 2
1639106003285.285156 2
1639106004583.464844 2
1639106004583.765869 3
1639106005734.463867 2
1639106006836.639893 2
1639106007880.741211 2
1639106009126.115967 2
1639106010387.115967 2
1639106011578.062012 2
1639106012585.105957 2
1639106013629.356201 2
1639106015036.242920 2
1639106015037.055908 3
1639106016226.624023 2
1639106017476.343262 2
1639106018684.245117 2
1639106211634.116211 2
1639106212276.888184 2
1639106212936.193848 2
1639106213579.944824 2
1639106214188.730957 2
1639106214932.843018 2
1639106215723.132812 2
1639106216329.397949 2
1639106216837.714844 2
1639106217377.824951 2
1639106217933.643066 2
1639106218422.950928 2
1639106218923.632812 2
1639106246512.743896 2
1639106246775.490967 2
1639106247039.759277 2
1639106247315.235107 2
1639106247563.429932 2
1639106247814.399902 2
1639106253108.494141 2
1639106254537.146729 2
1639106254838.992920 2
1639106255156.758057 2
1639106255430.021973 2
1639106255712.441162 2
1639106255982.670166 2
1639106256255.770996 2
1639106256519.570801 2
1639106256913.242920 2
1639106257260.002197 2
1639106257559.974854 2
1639106257882.921875 2
1639106258169.017090 2
1639106258431.995850 2
1639106258716.180176 2
1639106258985.397217 2
1639106259266.914062 2
1639106259533.149902 2
1639106259831.990967 2
1639106260127.951904 2
1639106260414.175049 2
1639106260681.239014 2
1639106261068.080811 2
1639106261369.656982 2
1639106261663.733887 2
1639106261965.227051 2
1639106262234.919922 2
1639106262523.460205 2
1639106262809.857178 2
1639106263077.541016 2
1639106263365.036133 2
1639106263630.856934 2
1639106263917.080078 2
1639106264211.054199 2
1639106264481.636963 2
1639106264823.276123 2
1639106265134.861084 2
1639106265466.412109 2
1639106265780.958984 2
1639106266119.776123 2
1639106266470.213135 2
1639106266809.094971 2
1639106267122.686768 2
1639106267431.605957 2
1639106267738.878906 2
1639106268067.424072 2
1639106268385.518066 2
1639106268385.968994 3
1639106268731.145020 2
1639106269037.518066 2
1639106269365.690918 2
1639106269365.881104 3
1639106269682.073975 2
1639106270032.338867 2
1639106270369.531982 2
1639106270710.335938 2
1639106271035.701904 2
1639106271372.617920 2
1639106271710.981201 2
1639106272031.202148 2
1639106272371.822998 2
1639106272716.014160 2
1639106273038.912109 2
1639106273418.411865 2
1639106273728.031006 2
1639106274065.648193 2
1639106274418.730957 2
1639106274784.510010 2
1639106275222.604980 2
1639106275578.531006 2
1639106275928.721924 2
1639106276280.261963 2
1639106276628.506836 2
1639106276628.645264 3
1639106276978.160156 2
1639106277329.152100 2
1639106277680.666260 2
1639106277680.913086 3
1639106278031.230957 2
1639106278374.354004 2
1639106278714.106689 2
1639106278714.302002 3
1639106279034.878906 2
1639106279377.886963 2
1639106279723.218994 2
1639106280083.467041 2
1639106280422.202148 2
1639106280737.370850 2
1639106281226.588867 2
1639106281640.447021 2
1639106282011.772949 2
1639106282339.362061 2
1639106282687.566162 2
1639106283035.103027 2
1639106283376.928955 2
1639106283723.592041 2
1639106284040.512207 2
1639106284377.706055 2
1639106284724.462891 2
1639106285109.998047 2
1639106285476.387939 2
1639106285831.062012 2
1639106286174.071045 2
1639106286513.514160 2
1639106286860.063965 2
1639106287177.859131 2
1639106287512.644043 2
1639106287860.688965 2
1639106288189.236816 2
1639106288189.447021 3
1639106288517.545898 2
1639106288831.366943 2
1639106289173.744141 2
1639106289174.252930 3
1639106289489.150879 2
1639106289836.212891 2
1639106290179.022949 2
1639106290179.189941 3
1639106290509.338867 2
1639106290811.607178 2
1639106291087.894043 2
1639106291387.090820 2
1639106291725.385986 2
1639106292025.919922 2
1639106292324.820068 2
1639106292626.308105 2
1639106293022.041992 2
1639106293339.179932 2
1639106293668.476807 2
1639106293977.422119 2
1639106294313.511963 2
1639106294664.025146 2
1639106295021.781006 2
1639106295021.924072 3
1639106295375.705078 2
1639106295723.510986 2
1639106296069.015137 2
1639106296474.947021 2
1639106296837.686035 2
1639106297179.615967 2
1639106297180.229248 3
1639106297525.955078 2
1639106297877.438965 2
1639106298260.294922 2
1639106298623.253174 2
1639106298961.473877 2
1639106299277.787842 2
1639106299616.926025 2
1639106300172.968018 2
1639106300517.306152 2
1639106300862.107910 2
1639106301177.528076 2
1639106301511.293945 2
1639106301829.029053 2
1639106302167.331055 2
1639106302486.347900 2
1639106302824.702881 2
1639106303161.087891 2
1639106303476.084961 2
1639106303476.320068 3
1639106303832.128906 2
1639106304180.272217 2
1639106304526.739990 2
1639106304526.924072 3
1639106304940.728027 2
1639106305367.338867 2
1639106306169.432129 2
1639106306566.681152 2
1639106306975.229004 2
1639106307377.452148 2
1639106307786.321045 2
1639106308175.953857 2
1639106308568.078125 2
1639106308970.636963 2
1639106309364.321045 2
1639106309769.593018 2
1639106310177.830078 2
1639106310568.274902 2
1639106310568.547119 3
1639106310935.264160 2
1639106311321.714844 2
1639106311677.033936 2
1639106312038.933105 2
1639106312429.384033 2
1639106312825.538086 2
1639106312825.747070 3
1639106313224.794189 2
1639106313628.423828 2
1639106314015.569092 2
1639106314015.827881 3
1639106314382.349854 2
1639106314790.919922 2
1639106315239.944092 2
1639106315240.135986 3
1639106315676.327881 2
1639106316089.071045 2
1639106316517.954102 2
1639106316518.096924 3
1639106317089.594727 2
1639106317538.789062 2
1639106318017.925049 2
1639106318018.122803 3
1639106318473.050049 2
1639106318890.700195 2
1639106319338.641846 2
1639106319338.792969 3
1639106319829.160889 2
1639106320319.613037 2
1639106320770.908936 2
1639106320771.114990 3
1639106321190.787109 2
1639106321674.333984 2
1639106322134.510010 2
1639106322622.614014 2
1639106323084.079102 2
1639106323538.618896 2
1639106324024.843994 2
1639106324480.367188 2
1639106325072.079834 2
1639106325572.799072 2
1639106326076.164062 2
1639106326539.290283 2
1639106326539.500000 3
1639106327036.626953 2
1639106327579.467041 2
1639106328124.601074 2
1639106328633.242920 2
1639106329173.696045 2
1639106329688.488037 2
1639106330231.979004 2
1639106330732.196045 2
1639106331239.708984 2
1639106331239.933105 3
1639106331740.790039 2
1639106332240.248047 2
1639106332739.039062 2
1639106333224.412842 2
1639106333681.511963 2
1639106334221.517090 2
1639106334221.872070 3
1639106334781.109131 2
1639106335423.264893 2
1639106335885.525879 2
1639106335885.837158 3
1639106336371.040039 2
1639106336788.733887 2
1639106337237.204102 2
1639106337237.341797 3
1639106337680.552002 2
1639106338134.037109 2
1639106338623.578857 2
1639106338623.744873 3
1639106339089.015869 2
1639106339670.863037 2
1639106340173.409912 2
1639106340173.655029 3
1639106340639.102051 2
1639106341118.752930 2
1639106341537.510986 2
1639106341537.665039 3
1639106341981.902100 2
1639106342435.849854 2
1639106342869.757812 2
1639106342870.052002 3
1639106343283.659912 2
1639106343730.962158 2
1639106344218.088867 2
1639106344218.426270 3
1639106344683.269043 2
1639106345191.058838 2
1639106345722.224121 2
1639106346175.025879 2
1639106346579.831055 2
1639106346980.746094 2
1639106347382.678955 2
1639106347783.348145 2
1639106348184.412109 2
1639106348184.575195 3
1639106348580.238037 2
1639106348970.668945 2
1639106349333.985107 2
1639106349723.068115 2
1639106350124.843994 2
1639106350490.466064 2
1639106350490.625977 3
1639106350874.818115 2
1639106351480.069824 2
1639106352767.908203 2
1639106352768.173096 3
1639106353526.161865 2
1639106354536.863037 2
1639106355681.441162 2
1639106356736.435791 2
1639106357933.704834 2
1639106359081.244873 2
1639106359081.542969 3
1639106360482.106934 2
1639106361740.509033 2
1639106363082.405762 2
1639106363082.759766 3
1639106364337.599121 2
1639106365579.554199 2
1639106366677.515869 2
1639106367689.573975 2
1639106368734.924072 2
1639106369684.478027 2
1639106369735.153809 3
1639106370790.645996 2
1639106371877.200928 2
1639106373137.735840 2
1639106374431.467041 2
1639106375877.040039 2
1639106377628.143066 2
1639106377628.421143 3
1639106378726.415039 2
1639106379882.164062 2
1639106380886.593018 2
1639106380888.517822 3
1639106381980.629883 2
1639106383091.063965 2
1639106384280.357178 2
1639106384280.573730 3
1639106385629.320801 2
1639106386976.311035 2
1639106388030.552246 2
1639106388030.927979 3
1639106389178.661133 2
1639106390387.745117 2
1639106391490.668945 2
1639106391490.828125 3
1639106392632.211914 2
1639106393685.382812 2
1639106394928.885010 2
1639106394929.197998 3
1639106396230.202881 2
1639106397332.872803 2
1639106398478.128174 2
1639106398478.355957 3
1639106399835.482910 2
1639106400976.806885 2
1639106402028.769043 2
1639106402028.987793 3
1639106403038.014893 2
1639106404039.283936 2
1639106405131.215088 2
1639106405131.475830 3
1639106406285.917969 2
1639106407380.032959 2
1639106408481.436035 2
1639106408481.658936 3
1639106409490.058838 2
1639106410676.824951 2
1639106411787.419678 2
1639106411788.280029 3
1639106412880.366943 2
1639106413883.084961 2
1639106415080.302002 2
1639106415080.487061 3
1639106416129.553955 2
1639106417289.754883 2
1639106418378.074951 2
1639106418378.260986 3
1639106419428.888184 2
1639106420681.154053 2
1639106421837.225830 2
1639106421838.003906 3
1639106422879.626953 2
1639106423876.863037 2
1639106424980.493164 2
1639106424980.767090 3
1639106426182.357178 2
1639106427634.218018 2
1639106428890.680908 2
1639106428891.166016 3
1639106430226.949951 2
1639106431431.823975 2
1639106432729.589844 2
1639106432730.145020 3
1639106434232.779053 2
1639106435689.523926 2
1639106437437.718018 2
1639106438726.602051 2
1639106439738.806885 2
1639106440833.455078 2
1639106440834.096191 3
1639106441979.666016 2
1639106442984.877197 2
1639106444079.621094 2
1639106444079.807129 3
1639106445276.253906 2
1639106446375.831055 2
1639106447531.073975 2
1639106447531.703857 3
1639106448586.614990 2
1639106449781.199219 2
1639106450841.488770 2
1639106450841.640869 3
1639106451879.453857 2
1639106452982.423096 2
1639106453985.596924 2
1639106455286.963867 2
1639106456380.943115 2
1639106457431.213135 2
1639106458789.738037 2
1639106459975.409912 2
1639106461089.729980 2
1639106462127.750000 2
1639106463129.861084 2
1639106464140.807861 2
1639106465189.810059 2
1639106466226.149902 2
1639106467341.528076 2
1639106467341.706055 3
1639106468586.087891 2
1639106469690.251953 2
1639106470689.218994 2
1639106470689.374023 3
1639106471680.982178 2
1639106472731.879883 2
1639106473784.438232 2
1639106473826.308105 3
1639106475390.693848 2
1639106476783.219971 2
1639106477976.559082 2
1639106477976.832031 3
1639106479079.209961 2
1639106480176.057129 2
1639106481081.985107 2
1639106481082.260986 3
1639106482187.460205 2
1639106483240.726074 2
1639106484277.038086 2
1639106484277.474121 3
1639106485476.531982 2
1639106486483.238037 2
1639106487581.873779 2
1639106488689.234131 2
1639106489734.952881 2
1639106490784.105957 2
1639106491985.732910 2
1639106493091.153809 2
1639106494339.024902 2
1639106495785.754150 2
1639106497130.968994 2
1639106498534.642090 2
1639106499631.902100 2
1639106500832.485107 2
1639106501929.255127 2
1639106501929.474121 3
1639106503138.340088 2
1639106504335.255127 2
1639106505680.584961 2
1639106505680.993164 3
1639106506982.493896 2
1639106508138.401123 2
1639106509184.607910 3
1639106511592.011963 2
1639106512688.644287 2
1639106513740.089111 2
1639106514836.252930 2
1639106516181.753174 2
1639106517278.135010 2
1639106518476.982178 2
1639106519532.409180 2
1639106520690.259033 2
1639106522076.666016 2
1639106523230.005859 2
1639106524284.645752 2
1639106525486.336914 2
1639106526732.432861 2
1639106528036.806885 2
1639106529282.916992 2
1639106530332.575928 2
1639106531341.823975 2
1639106532482.492920 2
1639106533489.838135 2
