1639105800113.135010 1
1639105800473.582031 1
1639105801006.786133 1
1639105801548.168945 1
1639105802086.430908 1
1639105802629.006104 1
1639105803173.028076 1
1639105803705.027100 1
1639105804256.350098 1
1639105804792.025146 1
1639105805335.023193 1
1639105805873.480957 1
1639105806467.311035 1
1639105806955.958984 1
1639105807510.777100 1
1639105808039.130127 1
1639105808578.577881 1
1639105809127.577148 1
1639105809665.830811 1
1639105810218.348145 1
1639105810756.261230 1
1639105811331.914795 1
1639105811855.860107 1
1639105812512.729248 1
1639105813006.348145 1
1639105813498.719971 1
1639105814092.145020 1
1639105814569.871826 1
1639105815098.708984 1
1639105815664.074951 1
1639105816179.831055 1
1639105816797.989014 1
1639105817276.662109 1
1639105817824.040039 1
1639105818359.610107 1
1639105819050.712158 1
1639105819454.597900 1
1639105820149.225098 1
1639105820636.697998 1
1639105821696.484131 1
1639105822916.637939 1
1639105823926.148193 1
1639105824565.249023 1
1639105825204.252930 1
1639105825898.688965 1
1639105826628.551025 1
1639105827438.237793 1
1639105827812.844971 1
1639105828143.340088 1
1639105828482.992920 1
1639105828818.309082 1
1639105829185.064941 1
1639105829567.939941 1
1639105829976.816162 1
1639105830355.082031 1
1639105830786.015869 1
1639105831199.732910 1
1639105831498.897949 1
1639105831814.933105 1
1639105832197.850342 1
1639105833526.531006 1
1639105834776.879150 1
1639105836026.806152 1
1639105837481.656006 1
1639105838733.480957 1
1639105839783.089844 1
1639105840826.104248 1
1639105843123.462891 1
1639105844577.867920 1
1639105845826.719971 1
1639105846881.302979 1
1639105847887.882080 1
1639105848929.243896 1
1639105850082.151855 1
1639105851124.850098 1
1639105852124.485107 1
1639105853174.648926 1
1639105854335.984863 1
1639105855525.002930 1
1639105856675.445068 1
1639105857726.117188 1
1639105858726.186035 1
1639105859887.237793 1
1639105861023.890137 1
1639105862225.002930 1
1639105863337.541748 1
1639105864533.927002 1
1639105865682.124023 1
1639105866733.674072 1
1639105867934.118896 1
1639105869029.580078 1
1639105870238.136963 1
1639105871325.943848 1
1639105872481.201904 1
1639105873436.248047 1
1639105874822.474121 1
1639105875533.376953 1
1639105875906.010254 1
1639105876276.006836 1
1639105877374.788086 1
1639105878937.511963 1
1639105880077.038086 1
1639105881334.274170 1
1639105883377.551758 1
1639105884680.649902 1
1639105885883.743164 1
1639105887074.291016 1
1639105888326.884033 1
1639105889426.750000 1
1639105890626.478271 1
1639105891723.837891 1
1639105892683.281006 1
1639105894477.189697 1
1639105896229.183838 1
1639105897930.628174 1
1639105899231.682129 1
1639105900676.030029 1
1639105901977.315186 1
1639105903637.120117 1
1639105905128.316895 1
1639105906383.625977 1
1639105907525.029785 1
1639105908723.866943 1
1639105910028.929932 1
1639105911188.227295 1
1639105912330.098877 1
1639105913572.760986 1
1639105914829.503174 1
1639105916273.163086 1
1639105917483.396973 1
1639105918674.145996 1
1639105919787.266113 1
1639105921585.425781 1
1639105924481.583008 1
1639105925924.586914 1
1639105927630.742188 1
1639105929275.183105 1
1639105930430.031006 1
1639105931637.881104 1
1639105932925.372803 1
1639105934433.781006 1
1639105935635.813232 1
1639105936775.804932 1
1639105937833.885986 1
1639105939078.161865 1
1639105940175.948242 1
1639105941228.716064 1
1639105942380.380859 1
1639105943334.217041 1
1639105944527.237061 1
1639105945883.615967 1
1639105947026.124023 1
1639105948224.614746 1
1639105949325.103027 1
1639105950482.243896 1
1639105951634.532227 1
1639105952726.555908 1
1639105953775.534180 1
1639105955032.146973 1
1639105956479.685059 1
1639105957876.718018 1
1639105958928.993896 1
1639105959878.842041 1
1639105961028.488037 1
1639105962035.664795 1
1639105963081.614014 1
1639105964331.258057 1
1639105965530.644043 1
1639105966538.864746 1
1639105967632.093994 1
1639105968836.031006 1
1639105969928.230957 1
1639105971628.381104 1
1639105972683.487793 1
1639105973974.195068 1
1639105975377.927979 1
1639105976724.065186 1
1639105977924.121094 1
1639105979135.974854 1
1639105980186.106201 1
1639105981377.838135 1
1639105982378.533203 1
1639105983433.214844 1
1639105984732.705078 1
1639105985924.230713 1
1639105986976.587891 1
1639105988032.493164 1
1639105989175.290771 1
1639105990176.543945 1
1639105991232.668945 1
1639105992228.581299 1
1639105993227.564209 1
1639105995437.307861 1
1639105996638.064209 1
1639105997831.820068 1
1639105998985.513916 1
1639106000075.471191 1
1639106001126.260010 1
1639106002274.508057 1
1639106003284.457031 1
1639106004581.839844 1
1639106005730.453857 1
1639106006835.898926 1
1639106007879.400879 1
1639106009125.361084 1
1639106010385.546875 1
1639106011577.277832 1
1639106012584.106934 1
1639106013626.468262 1
1639106014975.604004 1
1639106212274.985107 1
1639106212935.446045 1
1639106213579.098877 1
1639106214187.393066 1
1639106214931.956055 1
1639106215688.756836 1
1639106216328.695068 1
1639106217374.427734 1
1639106246772.185059 1
1639106247038.646973 1
1639106254837.028076 1
1639106255429.286865 1
1639106255711.739990 1
1639106256253.977051 1
1639106256518.101074 1
1639106256911.812988 1
1639106257258.970947 1
1639106257559.120850 1
1639106257882.099854 1
1639106258167.803955 1
1639106258431.076904 1
1639106258715.104004 1
1639106258984.166748 1
1639106259266.199951 1
1639106259831.252930 1
1639106260127.093994 1
1639106260679.983154 1
1639106261066.948242 1
1639106261368.911133 1
1639106261663.066895 1
1639106261964.488037 1
1639106262233.444336 1
1639106262521.628906 1
1639106262808.536133 1
1639106263076.411865 1
1639106263364.219971 1
1639106263629.947021 1
1639106263916.150146 1
1639106264210.137207 1
1639106264480.920166 1
1639106264822.469238 1
1639106265133.016113 1
1639106265465.569092 1
1639106265780.107910 1
1639106266117.334229 1
1639106266468.632080 1
1639106266789.994873 1
1639106267120.468994 1
1639106267430.904053 1
1639106267738.195801 1
1639106268065.923096 1
1639106268384.237061 1
1639106268730.323975 1
1639106269036.592285 1
1639106269365.032959 1
1639106269681.116699 1
1639106270031.324951 1
1639106270368.215088 1
1639106270690.246826 1
1639106271034.657959 1
1639106271371.695068 1
1639106271689.537109 1
1639106272030.478027 1
1639106272370.364990 1
1639106272715.077881 1
1639106273038.219971 1
1639106273417.412109 1
1639106273726.635986 1
1639106274064.979980 1
1639106274418.052246 1
1639106274783.313965 1
1639106275221.731201 1
1639106275577.641113 1
1639106275928.047119 1
1639106276279.552979 1
1639106276627.894043 1
1639106276977.427979 1
1639106277328.448975 1
1639106277679.974854 1
1639106278030.525879 1
1639106278373.521729 1
1639106278713.368164 1
1639106279034.167969 1
1639106279377.285889 1
1639106279722.544922 1
1639106280082.067871 1
1639106280421.327148 1
1639106280736.326904 1
1639106281225.582031 1
1639106281639.675781 1
1639106282010.828857 1
1639106282338.499023 1
1639106282685.405029 1
1639106283033.465088 1
1639106283376.209961 1
1639106283722.634033 1
1639106284039.514160 1
1639106284377.040771 1
1639106284723.585205 1
1639106285090.226807 1
1639106285475.664795 1
1639106285830.176025 1
1639106286173.377930 1
1639106286512.796875 1
1639106286840.391846 1
1639106287177.151855 1
1639106287512.039795 1
1639106287840.822021 1
1639106288188.384033 1
1639106288516.708252 1
1639106288830.128174 1
1639106289172.729004 1
1639106289488.057129 1
1639106289834.450928 1
1639106290178.304932 1
1639106290490.792969 1
1639106290810.847900 1
1639106291086.682129 1
1639106291385.265869 1
1639106291724.104980 1
1639106292025.223877 1
1639106292323.928223 1
1639106292625.628906 1
1639106293021.032959 1
1639106293338.392090 1
1639106293667.822998 1
1639106293976.657959 1
1639106294312.426025 1
1639106294662.383057 1
1639106295020.991943 1
1639106295374.893066 1
1639106295722.670166 1
1639106296066.872070 1
1639106296474.007080 1
1639106296836.919922 1
1639106297179.088867 1
1639106297525.287842 1
1639106297876.355225 1
1639106298240.607910 1
1639106298622.504883 1
1639106298960.632080 1
1639106299277.094727 1
1639106299615.500000 1
1639106300171.964844 1
1639106300515.438965 1
1639106300861.446777 1
1639106301176.723877 1
1639106301490.610840 1
1639106301828.241943 1
1639106302165.565918 1
1639106302485.387939 1
1639106302823.724121 1
1639106303140.488770 1
1639106303475.271973 1
1639106303830.940918 1
1639106304179.333252 1
1639106304525.985840 1
1639106304939.966797 1
1639106305365.514160 1
1639106306167.975830 1
1639106306564.495850 1
1639106306974.573975 1
1639106307376.515137 1
1639106307785.529053 1
1639106308175.164062 1
1639106308565.676025 1
1639106308969.731201 1
1639106309340.359863 1
1639106309767.532959 1
1639106310176.848877 1
1639106310567.029053 1
1639106310934.276123 1
1639106311321.010742 1
1639106311676.273926 1
1639106312038.029053 1
1639106312428.655029 1
1639106312824.629150 1
1639106313224.010986 1
1639106313627.546875 1
1639106313990.849854 1
1639106314381.690918 1
1639106314790.149902 1
1639106315238.866943 1
1639106315675.262939 1
1639106316088.421875 1
1639106316490.983887 1
1639106317088.686035 1
1639106317538.138916 1
1639106317990.501221 1
1639106318472.441162 1
1639106318889.822021 1
1639106319337.829102 1
1639106319827.562012 1
1639106320290.504883 1
1639106320770.274170 1
1639106321189.944092 1
1639106321673.471924 1
1639106322133.670898 1
1639106322621.911133 1
1639106323082.554932 1
1639106323537.499023 1
1639106324024.186768 1
1639106324479.333252 1
1639106325040.812012 1
1639106325571.952148 1
1639106326075.219971 1
1639106326538.542969 1
1639106327035.917969 1
1639106327577.967285 1
1639106328123.762939 1
1639106328630.618164 1
1639106329172.787842 1
1639106329687.321289 1
1639106330229.836914 1
1639106330730.551025 1
1639106331238.952881 1
1639106331740.108887 1
1639106332239.419922 1
1639106332738.457275 1
1639106333223.711914 1
1639106333679.396240 1
1639106334190.745117 1
1639106334774.643799 1
1639106335422.287842 1
1639106335884.770996 1
1639106336340.416016 1
1639106336788.057129 1
1639106337236.345947 1
1639106337679.924072 1
1639106338133.338135 1
1639106338622.752930 1
1639106339088.093018 1
1639106339669.868896 1
1639106340172.602783 1
1639106340638.382080 1
1639106341090.561035 1
1639106341536.639893 1
1639106341981.187012 1
1639106342434.770996 1
1639106342868.965820 1
1639106343282.659912 1
1639106343729.919922 1
1639106344190.893066 1
1639106344682.270020 1
1639106345190.102051 1
1639106345721.389893 1
1639106346174.197998 1
1639106346579.152832 1
1639106346980.114990 1
1639106347381.946045 1
1639106347775.101807 1
1639106348183.466064 1
1639106348579.388916 1
1639106348969.783936 1
1639106349333.154053 1
1639106349722.387939 1
1639106350123.477051 1
1639106350489.729004 1
1639106350873.420898 1
1639106351478.133057 1
1639106352729.647217 1
1639106353524.863037 1
1639106354535.110107 1
1639106355640.098145 1
1639106356735.716064 1
1639106357876.094971 1
1639106359079.942871 1
1639106360479.805908 1
1639106361739.362061 1
1639106363080.123047 1
1639106364336.725098 1
1639106365578.451904 1
1639106366676.058838 1
1639106367688.613281 1
1639106368733.659912 1
1639106369683.391113 1
1639106370787.468018 1
1639106371876.449951 1
1639106373137.103760 1
1639106374430.104980 1
1639106375876.324219 1
1639106377627.304932 1
1639106378690.409912 1
1639106379880.313232 1
1639106380885.746094 1
1639106381979.486084 1
1639106383090.007080 1
1639106384279.115967 1
1639106385628.299072 1
1639106386975.302979 1
1639106388029.432129 1
1639106389177.598877 1
1639106391489.697021 1
1639106392580.046143 1
1639106393684.424805 1
1639106394891.186035 1
1639106396229.238037 1
1639106397331.754883 1
1639106398476.966797 1
1639106399834.066895 1
1639106400941.090088 1
1639106402027.800049 1
1639106403036.906982 1
1639106404038.420898 1
1639106405129.856201 1
1639106406284.144043 1
1639106407379.224121 1
1639106408480.421875 1
1639106409488.625977 1
1639106410675.820068 1
1639106411786.046875 1
1639106412879.382080 1
1639106413879.530029 1
1639106415079.568848 1
1639106416128.779053 1
1639106417288.995117 1
1639106418376.898926 1
1639106419428.218018 1
1639106420679.930908 1
1639106421836.229004 1
1639106422878.740967 1
1639106423875.289307 1
1639106424979.500977 1
1639106426181.399170 1
1639106427632.843018 1
1639106428889.469971 1
1639106430225.732178 1
1639106431430.968994 1
1639106432727.009033 1
1639106434230.508057 1
1639106435688.732910 1
1639106437436.664062 1
1639106438691.442871 1
1639106439737.777100 1
1639106440832.325928 1
1639106441978.791992 1
1639106442983.450928 1
1639106444078.857910 1
1639106445241.625977 1
1639106446341.567871 1
1639106447529.649902 1
1639106448585.456787 1
1639106449779.027832 1
1639106450840.745850 1
1639106451878.768311 1
1639106452981.389893 1
1639106453984.766113 1
1639106455285.452148 1
1639106456378.574219 1
1639106457429.444092 1
1639106458787.966064 1
1639106459937.688232 1
1639106461088.324951 1
1639106462126.583008 1
1639106463128.395020 1
1639106464139.730957 1
1639106465188.808838 1
1639106466225.459961 1
1639106467340.414062 1
1639106468584.523926 1
1639106469689.244873 1
1639106470688.420898 1
1639106471679.920166 1
1639106472730.500000 1
1639106473780.850830 1
1639106475389.846924 1
1639106476781.610107 1
1639106477941.843994 1
1639106479078.260010 1
1639106480141.783936 1
1639106481081.074951 1
1639106482186.301025 1
1639106483240.034180 1
1639106484275.577148 1
1639106485441.320801 1
1639106486482.218018 1
1639106487580.224121 1
1639106488687.920166 1
1639106489732.980957 1
1639106490782.378906 1
1639106491985.000732 1
1639106493090.414062 1
1639106494337.776123 1
1639106495784.855225 1
1639106497125.827148 1
1639106498533.501953 1
1639106499630.783936 1
1639106500730.831787 1
1639106501928.593994 1
1639106503137.355957 1
1639106504334.547119 1
1639106505679.458252 1
1639106506980.773193 1
1639106508137.275879 1
1639106509183.141113 1
1639106510238.347900 1
1639106511590.517090 1
1639106512687.823730 1
1639106513738.933105 1
1639106514835.324951 1
1639106516180.753906 1
1639106517277.322998 1
1639106518441.840088 1
1639106519531.067871 1
1639106520688.500000 1
1639106522042.005127 1
1639106523228.709961 1
1639106524283.714111 1
1639106525485.529297 1
1639106526731.147949 1
1639106528034.195801 1
1639106529280.927002 1
1639106530331.723877 1
1639106531339.232910 1
1639106532441.020020 1
1639106533487.863037 1
